Robot id	t = 0	t = 5	t = 10	t = 15	t = 20	t = 25	t = 30	t = 35	t = 40	t = 45	t = 50	t = 55	t = 60	t = 65	t = 70	t = 75	t = 80	t = 85	t = 90	t = 95	t = 100	t = 105	t = 110	t = 115	t = 120	t = 125	t = 130	t = 135	t = 140	t = 145	t = 150	t = 155	t = 160	t = 165	t = 170	t = 175	t = 180	t = 185	t = 190	t = 195	t = 200	t = 205	t = 210	t = 215	t = 220	t = 225	t = 230	t = 235	t = 240	t = 245	t = 250	t = 255	t = 260	t = 265	t = 270	t = 275	t = 280	t = 285	t = 290	t = 295	t = 300	t = 305	t = 310	t = 315	t = 320	t = 325	t = 330	t = 335	t = 340	t = 345	t = 350	t = 355	t = 360	t = 365	t = 370	t = 375	t = 380	t = 385	t = 390	t = 395	t = 400	t = 405	t = 410	t = 415	t = 420	t = 425	t = 430	t = 435	t = 440	t = 445	t = 450	t = 455	t = 460	t = 465	t = 470	t = 475	t = 480	t = 485	t = 490	t = 495	t = 500	t = 505	t = 510	t = 515	t = 520	t = 525	t = 530	t = 535	t = 540	t = 545	t = 550	t = 555	t = 560	t = 565	t = 570	t = 575	t = 580	t = 585	t = 590	t = 595	t = 600	t = 605	t = 610	t = 615	t = 620	t = 625	t = 630	t = 635	t = 640	t = 645	t = 650	t = 655	t = 660	t = 665	t = 670	t = 675	t = 680	t = 685	t = 690	t = 695	t = 700	t = 705	t = 710	t = 715	t = 720	t = 725	t = 730	t = 735	t = 740	t = 745	t = 750	t = 755	t = 760	t = 765	t = 770	t = 775	t = 780	t = 785	t = 790	t = 795	t = 800	t = 805	t = 810	t = 815	t = 820	t = 825	t = 830	t = 835	t = 840	t = 845	t = 850	t = 855	t = 860	t = 865	t = 870	t = 875	t = 880	t = 885	t = 890	t = 895	t = 900	t = 905	t = 910	t = 915	t = 920	t = 925	t = 930	t = 935	t = 940	t = 945	t = 950	t = 955	t = 960	t = 965	t = 970	t = 975	t = 980	t = 985	t = 990	t = 995	t = 1000	t = 1005	t = 1010	t = 1015	t = 1020	t = 1025	t = 1030	t = 1035	t = 1040	t = 1045	t = 1050	t = 1055	t = 1060	t = 1065	t = 1070	t = 1075	t = 1080	t = 1085	t = 1090	t = 1095	t = 1100	t = 1105	t = 1110	t = 1115	t = 1120	t = 1125	t = 1130	t = 1135	t = 1140	t = 1145	t = 1150	t = 1155	t = 1160	t = 1165	t = 1170	t = 1175	t = 1180	t = 1185	t = 1190	t = 1195	t = 1200	t = 1205	t = 1210	t = 1215	t = 1220	t = 1225	t = 1230	t = 1235	t = 1240	t = 1245	t = 1250	t = 1255	t = 1260	t = 1265	t = 1270	t = 1275	t = 1280	t = 1285	t = 1290	t = 1295	t = 1300	t = 1305	t = 1310	t = 1315	t = 1320	t = 1325	t = 1330	t = 1335	t = 1340	t = 1345	t = 1350	t = 1355	t = 1360	t = 1365	t = 1370	t = 1375	t = 1380	t = 1385	t = 1390	t = 1395	t = 1400	t = 1405	t = 1410	t = 1415	t = 1420	t = 1425	t = 1430	t = 1435	t = 1440	t = 1445	t = 1450	t = 1455	t = 1460	t = 1465	t = 1470	t = 1475	t = 1480	t = 1485	t = 1490	t = 1495	t = 1500	t = 1505	t = 1510	t = 1515	t = 1520	t = 1525	t = 1530	t = 1535	t = 1540	t = 1545	t = 1550	t = 1555	t = 1560	t = 1565	t = 1570	t = 1575	t = 1580	t = 1585	t = 1590	t = 1595	t = 1600	t = 1605	t = 1610	t = 1615	t = 1620	t = 1625	t = 1630	t = 1635	t = 1640	t = 1645	t = 1650	t = 1655	t = 1660	t = 1665	t = 1670	t = 1675	t = 1680	t = 1685	t = 1690	t = 1695	t = 1700	t = 1705	t = 1710	t = 1715	t = 1720	t = 1725	t = 1730	t = 1735	t = 1740	t = 1745	t = 1750	t = 1755	t = 1760	t = 1765	t = 1770	t = 1775	t = 1780	t = 1785	t = 1790	t = 1795	t = 1800	t = 1805	t = 1810	t = 1815	t = 1820	t = 1825	t = 1830	t = 1835	t = 1840	t = 1845	t = 1850	t = 1855	t = 1860	t = 1865	t = 1870	t = 1875	t = 1880	t = 1885	t = 1890	t = 1895	t = 1900	t = 1905	t = 1910	t = 1915	t = 1920	t = 1925	t = 1930	t = 1935	t = 1940	t = 1945	t = 1950	t = 1955	t = 1960	t = 1965	t = 1970	t = 1975	t = 1980	t = 1985	t = 1990	t = 1995	t = 2000	t = 2005	t = 2010	t = 2015	t = 2020	t = 2025	t = 2030	t = 2035	t = 2040	t = 2045	t = 2050	t = 2055	t = 2060	t = 2065	t = 2070	t = 2075	t = 2080	t = 2085	t = 2090	t = 2095	t = 2100	t = 2105	t = 2110	t = 2115	t = 2120	t = 2125	t = 2130	t = 2135	t = 2140	t = 2145	t = 2150	t = 2155	t = 2160	t = 2165	t = 2170	t = 2175	t = 2180	t = 2185	t = 2190	t = 2195	t = 2200	t = 2205	t = 2210	t = 2215	t = 2220	t = 2225	t = 2230	t = 2235	t = 2240	t = 2245	t = 2250	t = 2255	t = 2260	t = 2265	t = 2270	t = 2275	t = 2280	t = 2285	t = 2290	t = 2295	t = 2300	t = 2305	t = 2310	t = 2315	t = 2320	t = 2325	t = 2330	t = 2335	t = 2340	t = 2345	t = 2350	t = 2355	t = 2360	t = 2365	t = 2370	t = 2375	t = 2380	t = 2385	t = 2390	t = 2395	t = 2400
1	0.1395,0.2729	0.1425,0.2749	0.1468,0.2768	0.1523,0.2782	0.1574,0.2795	0.162,0.2794	0.1676,0.2784	0.1732,0.2774	0.1787,0.2764	0.1843,0.2753	0.1898,0.2743	0.1954,0.2733	0.2009,0.2723	0.2061,0.2714	0.2101,0.2694	0.2132,0.2661	0.216,0.2612	0.2188,0.2563	0.2217,0.2515	0.2245,0.2466	0.2273,0.2417	0.2301,0.2368	0.2329,0.2319	0.2357,0.227	0.2386,0.2221	0.2413,0.2174	0.2445,0.2131	0.248,0.2086	0.2515,0.2042	0.255,0.1998	0.2585,0.1953	0.262,0.1909	0.2655,0.1865	0.2689,0.1822	0.2709,0.1781	0.2714,0.1737	0.2702,0.1693	0.2674,0.1647	0.2644,0.1599	0.2614,0.1552	0.2583,0.1504	0.2553,0.1456	0.2523,0.1409	0.2493,0.1361	0.2463,0.1313	0.2432,0.1265	0.2401,0.1221	0.2368,0.1175	0.2334,0.113	0.2301,0.1085	0.2267,0.1039	0.2233,0.09939	0.22,0.09485	0.2166,0.09032	0.2135,0.08614	0.2099,0.08338	0.2049,0.08143	0.1996,0.07947	0.1943,0.07751	0.189,0.07556	0.1837,0.0736	0.1784,0.07164	0.1731,0.06969	0.1678,0.06773	0.1633,0.06566	0.1586,0.0626	0.1547,0.05973	0.152,0.05563	0.1494,0.05065	0.1467,0.04567	0.144,0.0407	0.1414,0.03589	0.1383,0.0315	0.135,0.02696	0.1316,0.02243	0.1282,0.01789	0.1251,0.01345	0.1221,0.008677	0.1191,0.003907	0.1161,-0.000863	0.113,-0.005633	0.11,-0.0104	0.107,-0.01517	0.104,-0.01994	0.101,-0.02471	0.09793,-0.02948	0.09491,-0.03425	0.09189,-0.03902	0.08886,-0.04379	0.08584,-0.04857	0.08292,-0.05318	0.0796,-0.0577	0.07624,-0.06224	0.07288,-0.06677	0.06952,-0.07131	0.06627,-0.0757	0.06395,-0.0803	0.06327,-0.08415	0.06434,-0.08687	0.06525,-0.09006	0.06595,-0.09376	0.06629,-0.09796	0.06612,-0.1026	0.06489,-0.107	0.06522,-0.1115	0.06712,-0.1156	0.07034,-0.1187	0.07447,-0.1205	0.07897,-0.1207	0.0843,-0.12	0.08884,-0.1201	0.09302,-0.1218	0.09634,-0.1248	0.09836,-0.1288	0.09888,-0.1337	0.09896,-0.1394	0.09853,-0.1445	0.09779,-0.1501	0.09706,-0.1557	0.09633,-0.1613	0.0956,-0.1669	0.09487,-0.1725	0.09431,-0.1779	0.09398,-0.1836	0.09366,-0.1892	0.09333,-0.1948	0.09301,-0.2005	0.09268,-0.2061	0.09236,-0.2118	0.09235,-0.2172	0.09244,-0.2228	0.09252,-0.2285	0.09261,-0.2341	0.09269,-0.2398	0.09278,-0.2454	0.09286,-0.2509	0.09333,-0.2565	0.09383,-0.2621	0.09432,-0.2677	0.09481,-0.2733	0.09531,-0.279	0.09541,-0.2842	0.09508,-0.2898	0.09476,-0.2954	0.09443,-0.3011	0.09411,-0.3067	0.09378,-0.3123	0.09346,-0.318	0.09314,-0.3236	0.09281,-0.3293	0.09249,-0.3349	0.09216,-0.3405	0.09184,-0.3462	0.09151,-0.3518	0.09119,-0.3574	0.09087,-0.3631	0.09055,-0.3685	0.09092,-0.3739	0.09142,-0.3795	0.0922,-0.3849	0.09307,-0.3903	0.09466,-0.3945	0.09779,-0.3991	0.101,-0.4038	0.104,-0.4083	0.1075,-0.4128	0.111,-0.4172	0.1145,-0.4216	0.118,-0.4261	0.1203,-0.4287	0.1209,-0.4286	0.1217,-0.4285	0.1227,-0.4282	0.1237,-0.4279	0.1247,-0.4276	0.1257,-0.4273	0.1267,-0.4269	0.1277,-0.4266	0.1288,-0.4265	0.1302,-0.4261	0.1316,-0.4256	0.133,-0.4252	0.1353,-0.426	0.1387,-0.426	0.1422,-0.4249	0.1457,-0.4237	0.1493,-0.4226	0.1528,-0.4214	0.1563,-0.4203	0.1596,-0.4191	0.1624,-0.4177	0.166,-0.4172	0.1694,-0.4156	0.1728,-0.414	0.1762,-0.4124	0.1796,-0.4102	0.182,-0.409	0.1829,-0.4085	0.1837,-0.408	0.1846,-0.4074	0.1854,-0.4069	0.1862,-0.4064	0.187,-0.4059	0.1858,-0.4017	0.1864,-0.4013	0.1867,-0.4012	0.187,-0.401	0.1881,-0.4005	0.1885,-0.3993	0.1885,-0.3993	0.1901,-0.401	0.1902,-0.401	0.1901,-0.401	0.1901,-0.401	0.1901,-0.401	0.1901,-0.401	0.1856,-0.397	0.1789,-0.3896	0.1749,-0.3854	0.1709,-0.3805	0.1665,-0.3718	0.1638,-0.3647	0.1589,-0.367	0.1538,-0.3694	0.1496,-0.3707	0.1418,-0.3791	0.1365,-0.3821	0.1315,-0.3844	0.1264,-0.3868	0.1211,-0.3897	0.1158,-0.3943	0.1108,-0.3965	0.1059,-0.3988	0.1018,-0.4036	0.0973,-0.4063	0.09278,-0.409	0.08841,-0.4119	0.08522,-0.4136	0.08282,-0.4154	0.08033,-0.4162	0.07786,-0.417	0.07539,-0.4178	0.07252,-0.4203	0.06965,-0.4295	0.06718,-0.4324	0.06628,-0.4368	0.06662,-0.4416	0.06693,-0.4449	0.06283,-0.4448	0.05867,-0.4447	0.0545,-0.4445	0.05033,-0.4444	0.04616,-0.4443	0.04199,-0.4442	0.03941,-0.4455	0.03587,-0.4451	0.0326,-0.4444	0.0275,-0.4401	0.02355,-0.4369	0.02016,-0.4347	0.01626,-0.4325	0.01236,-0.4303	0.008461,-0.4281	0.00456,-0.4259	0.0006592,-0.4236	-0.0043,-0.4207	-0.008788,-0.418	-0.01246,-0.4162	-0.0168,-0.4142	-0.02016,-0.4127	-0.02353,-0.4111	-0.02689,-0.4095	-0.03209,-0.4056	-0.03608,-0.4021	-0.03875,-0.4009	-0.03977,-0.402	-0.0422,-0.4013	-0.0454,-0.3997	-0.0486,-0.3981	-0.0518,-0.3966	-0.05464,-0.3958	-0.05758,-0.3942	-0.06053,-0.3926	-0.06347,-0.391	-0.06641,-0.3894	-0.06936,-0.3878	-0.0723,-0.3862	-0.07524,-0.3846	-0.07759,-0.3845	-0.07902,-0.3847	-0.08224,-0.3822	-0.08404,-0.3816	-0.08584,-0.3807	-0.08768,-0.3798	-0.08984,-0.378	-0.09209,-0.3755	-0.09401,-0.374	-0.09593,-0.3725	-0.09785,-0.371	-0.09977,-0.3695	-0.1017,-0.3679	-0.1036,-0.3664	-0.1053,-0.3653	-0.1067,-0.3642	-0.1079,-0.363	-0.109,-0.362	-0.1091,-0.3625	-0.1108,-0.3597	-0.1119,-0.3586	-0.113,-0.3575	-0.114,-0.3564	-0.1151,-0.3553	-0.1183,-0.3524	-0.1209,-0.35	-0.1213,-0.3469	-0.1222,-0.3432	-0.1211,-0.338	-0.1198,-0.3325	-0.1185,-0.327	-0.1173,-0.3215	-0.116,-0.316	-0.1147,-0.3105	-0.1134,-0.305	-0.1122,-0.2995	-0.1107,-0.2943	-0.109,-0.2889	-0.1073,-0.2835	-0.1057,-0.2783	-0.1034,-0.2742	-0.09995,-0.2697	-0.09647,-0.2653	-0.093,-0.2608	-0.08952,-0.2564	-0.08605,-0.2519	-0.08258,-0.2475	-0.0791,-0.243	-0.07563,-0.2386	-0.07215,-0.2341	-0.06868,-0.2297	-0.06574,-0.2256	-0.06434,-0.2213	-0.06455,-0.2164	-0.06531,-0.2108	-0.06607,-0.2052	-0.06683,-0.1996	-0.06759,-0.194	-0.06834,-0.1884	-0.0691,-0.1828	-0.06983,-0.1774	-0.06988,-0.172	-0.06982,-0.1664	-0.06976,-0.1607	-0.0697,-0.1551	-0.06964,-0.1495	-0.06958,-0.1438	-0.06953,-0.1382	-0.06947,-0.1325	-0.06941,-0.1269	-0.06935,-0.1212	-0.06929,-0.1156	-0.06923,-0.1099	-0.06918,-0.1043	-0.06912,-0.09863	-0.0692,-0.09321	-0.06955,-0.08758	-0.07025,-0.0844	-0.07192,-0.08174	-0.07367,-0.07897	-0.07542,-0.0762	-0.07578,-0.07189	-0.07703,-0.06896	-0.07811,-0.06476	-0.0769,-0.06262	-0.0756,-0.06044	-0.07431,-0.05826	-0.07218,-0.05569	-0.07082,-0.05423	-0.06942,-0.05276	-0.06838,-0.05153	-0.06803,-0.05137	-0.06669,-0.04998	-0.06537,-0.04861	-0.06405,-0.04724	-0.06274,-0.04586	-0.06142,-0.04449	-0.0601,-0.04312	-0.05878,-0.04174	-0.05858,-0.04094	-0.05947,-0.04123	-0.05672,-0.04044	-0.05397,-0.03964	-0.05121,-0.03885	-0.04845,-0.03805	-0.04686,-0.03741	-0.04641,-0.03668	-0.04535,-0.03609	-0.04278,-0.0367	-0.03777,-0.03817	-0.03276,-0.03963	-0.02775,-0.0411	-0.02397,-0.04284	-0.01901,-0.04422	-0.01405,-0.04559	-0.009096,-0.04697	-0.004137,-0.04834	0.0008225,-0.04971	0.003417,-0.05241	0.006048,-0.05513	0.01109,-0.0564	0.01343,-0.05723	0.01577,-0.05806	0.01812,-0.05889	0.02047,-0.05972	0.02282,-0.06055	0.02516,-0.06139	0.02751,-0.06222	0.02986,-0.06305	0.0322,-0.06388	0.03455,-0.06471	0.0369,-0.06555	0.04035,-0.06604	0.04293,-0.06671	0.04552,-0.06737	0.0481,-0.06804	0.05177,-0.06875	0.0573,-0.06954	0.06119,-0.0701	0.06255,-0.07113	0.0639,-0.07216	0.06481,-0.07318	0.06355,-0.07456	0.0655,-0.07566	0.06748,-0.07676	0.06947,-0.07786	0.07145,-0.07896	0.0732,-0.07981	0.06977,-0.08119	0.0695,-0.08161	0.07211,-0.08189	0.07127,-0.08224	0.0704,-0.08257	0.072,-0.08236	0.07173,-0.08224	0.07146,-0.08213	0.07119,-0.08202	0.07128,-0.08122	0.07311,-0.0766	0.07499,-0.07183	0.07647,-0.0674	0.07587,-0.06315	0.07452,-0.05872	0.07299,-0.05507	0.07107,-0.0511	0.06915,-0.04714	0.06902,-0.04672	0.06816,-0.04789	0.06781,-0.04923	0.0668,-0.05032	0.06548,-0.05007	0.06279,-0.05005	0.0601,-0.05003	0.05741,-0.05	0.05472,-0.04997	0.05202,-0.04995	0.04933,-0.04992	0.04664,-0.0499	0.04387,-0.04962	0.041,-0.0495	0.03949,-0.04786	0.0351,-0.04674	0.03132,-0.04559	0.02753,-0.04444	0.02374,-0.04329	0.01996,-0.04214	0.01617,-0.04099	0.01238,-0.03984	0.008598,-0.03869	0.006916,-0.03717	0.006878,-0.03471	0.005787,-0.03195	0.003466,-0.03072
2	0.01615,0.1098	0.01788,0.1064	0.02052,0.1014	0.02317,0.0964	0.02581,0.09141	0.02845,0.08642	0.03109,0.08143	0.0335,0.07657	0.03577,0.0714	0.03804,0.06623	0.04031,0.06106	0.04258,0.05589	0.04486,0.05072	0.04612,0.04636	0.04577,0.04187	0.04488,0.03809	0.04731,0.03765	0.04552,0.04018	0.04225,0.04439	0.04202,0.04798	0.03996,0.05108	0.03852,0.05398	0.03789,0.0563	0.03643,0.05926	0.03519,0.06192	0.03513,0.06415	0.0333,0.06742	0.031,0.06969	0.02845,0.06973	0.02669,0.07208	0.025,0.07463	0.02331,0.0772	0.02162,0.07977	0.01993,0.08234	0.01824,0.08491	0.01655,0.08748	0.01486,0.09005	0.01344,0.09231	0.01123,0.09482	0.008648,0.09791	0.001843,0.1006	-0.004934,0.1011	-0.008954,0.1015	-0.01237,0.1016	-0.0161,0.1017	-0.01742,0.1019	-0.01394,0.1024	-0.009102,0.1024	-0.004164,0.1017	-0.003083,0.1045	-0.002283,0.1077	-0.001517,0.1109	-0.00204,0.1144	-0.001208,0.1155	-0.001564,0.116	-0.000519,0.1157	0.0005363,0.1154	0.001597,0.1151	0.001896,0.1153	0.0004662,0.1157	0.001253,0.1176	0.001905,0.1165	0.006251,0.1177	0.002262,0.117	-0.002174,0.1177	-0.006044,0.12	-0.008847,0.1236	-0.01022,0.1279	-0.009944,0.1325	-0.008752,0.1381	-0.00756,0.1436	-0.006367,0.1491	-0.005175,0.1546	-0.003983,0.1601	-0.00279,0.1657	-0.001598,0.1712	-0.0004056,0.1767	0.0007867,0.1822	0.001979,0.1877	0.003132,0.1931	0.004692,0.1985	0.006264,0.2032	0.008929,0.2068	0.01278,0.2096	0.01706,0.2132	0.02136,0.2169	0.02566,0.2206	0.02995,0.2242	0.03425,0.2279	0.03855,0.2316	0.04285,0.2352	0.04715,0.2389	0.05107,0.2426	0.05509,0.2466	0.05911,0.2506	0.06313,0.2545	0.06715,0.2585	0.07079,0.2625	0.07452,0.2667	0.07824,0.271	0.08196,0.2752	0.08569,0.2795	0.08941,0.2837	0.09313,0.288	0.09686,0.2922	0.1006,0.2965	0.1038,0.3001	0.1008,0.2969	0.1002,0.292	0.09706,0.2879	0.0939,0.2839	0.09075,0.2799	0.0926,0.2756	0.08998,0.2774	0.08656,0.278	0.0848,0.2763	0.08303,0.2745	0.08125,0.2727	0.07947,0.2709	0.07814,0.2687	0.07646,0.2668	0.07454,0.2651	0.0726,0.2634	0.0726,0.2636	0.07282,0.2639	0.06969,0.2625	0.06421,0.2611	0.06125,0.2597	0.0589,0.2575	0.05597,0.2556	0.05286,0.2539	0.05395,0.2545	0.05574,0.2563	0.05519,0.2554	0.05448,0.2538	0.05377,0.2521	0.05305,0.2504	0.05437,0.2526	0.05653,0.257	0.05864,0.2613	0.06104,0.2649	0.06394,0.2674	0.06612,0.2689	0.0674,0.2695	0.06818,0.2681	0.06859,0.2692	0.06901,0.2703	0.06944,0.2722	0.06982,0.2745	0.07007,0.2759	0.07081,0.2801	0.07105,0.282	0.07127,0.2839	0.0715,0.2859	0.07173,0.2908	0.07201,0.2946	0.07224,0.2964	0.07199,0.2971	0.07175,0.2979	0.07151,0.2986	0.07195,0.3008	0.0721,0.3023	0.07128,0.302	0.07077,0.3024	0.07026,0.3028	0.07327,0.3071	0.07495,0.3089	0.07589,0.3101	0.07682,0.3113	0.07776,0.3125	0.0787,0.3138	0.07963,0.315	0.08041,0.3158	0.08029,0.3161	0.07849,0.3137	0.0779,0.3104	0.07866,0.3064	0.08076,0.307	0.08154,0.3062	0.0815,0.3034	0.08145,0.3005	0.08141,0.2976	0.08266,0.2957	0.08619,0.2948	0.08924,0.2942	0.09184,0.2935	0.09528,0.2926	0.09877,0.2917	0.1023,0.2908	0.1059,0.2925	0.11,0.2958	0.1145,0.299	0.119,0.3019	0.1236,0.3048	0.1289,0.3075	0.1334,0.31	0.1382,0.313	0.143,0.3159	0.1476,0.3179	0.1524,0.3209	0.1572,0.3239	0.1627,0.326	0.1678,0.3286	0.1728,0.3312	0.1778,0.3338	0.1828,0.3365	0.1892,0.339	0.1946,0.3409	0.1996,0.3435	0.2046,0.3462	0.209,0.3473	0.214,0.3499	0.219,0.3526	0.2245,0.3535	0.2297,0.3558	0.2349,0.3579	0.2418,0.3586	0.2472,0.3595	0.2528,0.3605	0.2583,0.3616	0.2639,0.3627	0.2677,0.3627	0.2717,0.3594	0.2761,0.3557	0.2786,0.3537	0.2817,0.3511	0.2852,0.3482	0.2903,0.3473	0.2968,0.3461	0.3041,0.344	0.3057,0.3428	0.3064,0.3422	0.3078,0.341	0.3093,0.3396	0.3123,0.3378	0.3143,0.3352	0.3155,0.3332	0.3157,0.3346	0.315,0.3353	0.3144,0.3359	0.3133,0.3368	0.3066,0.3398	0.3044,0.3374	0.3058,0.3359	0.3037,0.338	0.3037,0.338	0.3045,0.3373	0.3036,0.3381	0.3036,0.3381	0.3036,0.3381	0.3054,0.3381	0.3054,0.3383	0.3054,0.3383	0.3061,0.3375	0.3065,0.337	0.3065,0.337	0.3044,0.3385	0.3041,0.3393	0.3044,0.3391	0.3046,0.3389	0.3044,0.3391	0.3045,0.339	0.3042,0.3393	0.3039,0.3395	0.2948,0.3421	0.294,0.3435	0.2932,0.3441	0.2939,0.3435	0.2937,0.3437	0.2929,0.3435	0.2929,0.3435	0.2935,0.343	0.2935,0.343	0.2938,0.3436	0.2938,0.3436	0.2938,0.3436	0.2916,0.3445	0.2882,0.3483	0.2854,0.3506	0.2853,0.3507	0.2779,0.3524	0.2743,0.3563	0.2708,0.3602	0.2674,0.3642	0.2657,0.3669	0.2681,0.3647	0.2689,0.3642	0.2704,0.363	0.2707,0.3627	0.2707,0.3626	0.2698,0.3627	0.2671,0.3617	0.2633,0.3615	0.2604,0.3617	0.2588,0.3625	0.2573,0.3634	0.2559,0.3643	0.2541,0.3649	0.2522,0.3663	0.2502,0.3676	0.2482,0.3689	0.2461,0.3701	0.2437,0.3717	0.2411,0.3733	0.239,0.3745	0.2371,0.3758	0.2351,0.377	0.2333,0.3783	0.2327,0.3787	0.2301,0.3804	0.2271,0.3823	0.2266,0.3827	0.2266,0.3827	0.225,0.3838	0.2206,0.3866	0.2152,0.388	0.211,0.3907	0.2067,0.3934	0.2022,0.3959	0.1974,0.3982	0.1926,0.4004	0.1878,0.4027	0.1848,0.4041	0.1803,0.4062	0.1751,0.4087	0.1722,0.41	0.1699,0.4095	0.1684,0.41	0.1672,0.4097	0.1659,0.4101	0.1643,0.4099	0.1625,0.4106	0.1616,0.4109	0.1599,0.4114	0.1581,0.412	0.1567,0.4125	0.1573,0.4123	0.1576,0.4122	0.1593,0.4151	0.1604,0.4151	0.1609,0.4149	0.1608,0.4133	0.1625,0.4124	0.1642,0.4119	0.1659,0.4119	0.1675,0.4124	0.1683,0.4119	0.1694,0.4082	0.1732,0.4079	0.176,0.4071	0.1765,0.408	0.1778,0.4058	0.1793,0.4065	0.1806,0.4062	0.1807,0.4061	0.1809,0.406	0.1808,0.4061	0.1798,0.4065	0.1787,0.4008	0.1788,0.3981	0.1778,0.3971	0.1786,0.3976	0.1804,0.4006	0.1819,0.4041	0.1861,0.404	0.1884,0.4029	0.1884,0.4029	0.1885,0.4029	0.1886,0.4028	0.1904,0.4019	0.1936,0.4007	0.1962,0.3996	0.1986,0.3981	0.2015,0.3968	0.2044,0.3955	0.2074,0.3941	0.2103,0.3928	0.2132,0.3915	0.2161,0.3902	0.2186,0.3892	0.2195,0.3883	0.2205,0.3899	0.2214,0.3923	0.2204,0.3934	0.2159,0.3897	0.2113,0.3859	0.2076,0.382	0.204,0.3787	0.2015,0.3756	0.199,0.3759	0.1943,0.3787	0.1893,0.3812	0.1853,0.3831	0.1818,0.3826	0.182,0.3794	0.183,0.3769	0.1822,0.3764	0.1782,0.3758	0.1739,0.3752	0.1712,0.3746	0.1707,0.3712	0.1708,0.3693	0.1751,0.3701	0.1759,0.3694	0.1719,0.3652	0.1687,0.3626	0.1664,0.3599	0.1651,0.3567	0.1652,0.3538	0.167,0.3511	0.1706,0.3486	0.1753,0.3466	0.1752,0.3438	0.1751,0.342	0.1723,0.3417	0.1684,0.3403	0.1688,0.3373	0.1683,0.3364	0.169,0.3347	0.1696,0.333	0.1701,0.3313	0.171,0.3295	0.1721,0.3285	0.1726,0.3276	0.1715,0.3263	0.1696,0.3249	0.1674,0.3237	0.1654,0.3228	0.1623,0.3228	0.1594,0.3218	0.1554,0.3214	0.1521,0.3205	0.1468,0.3206	0.1415,0.3204	0.1361,0.3201	0.1307,0.3198	0.1254,0.3195	0.12,0.3194	0.1145,0.3191	0.109,0.3186	0.1035,0.3182	0.09805,0.3177	0.09257,0.3172	0.08699,0.317	0.08135,0.3168	0.0757,0.3166	0.07006,0.3165	0.06554,0.317	0.06086,0.3191	0.05585,0.3217	0.05084,0.3243	0.04582,0.3269	0.04081,0.3295	0.0358,0.3321	0.03079,0.3347	0.02578,0.3373	0.02077,0.3399	0.01576,0.3425	0.01075,0.3451	0.005734,0.3477	0.0007228,0.3504	-0.004019,0.353	-0.008829,0.3559	-0.01364,0.3589	-0.01845,0.3619	-0.02326,0.3648	-0.02807,0.3678	-0.03288,0.3707	-0.03769,0.3737	-0.0425,0.3766	-0.04731,0.3796	-0.05212,0.3826	-0.05693,0.3855	-0.06136,0.3883	-0.06567,0.3919	-0.06963,0.3956	-0.07369,0.3995	-0.07774,0.4035	-0.0818,0.4074	-0.08586,0.4113	-0.08992,0.4152
3	-0.003817,0.04976	-0.00238,0.04649	-0.000345,0.04123	0.00169,0.03596	0.003725,0.03069	0.005759,0.02542	0.007736,0.02025	0.006838,0.01969	0.00594,0.01913	0.005042,0.01857	0.004144,0.01801	0.003246,0.01745	-0.000168,0.01481	-0.003283,0.01147	-0.004033,0.01188	-0.004595,0.01355	-0.007407,0.0155	-0.01122,0.01121	-0.01516,0.006206	-0.01625,0.004045	-0.01743,0.005127	-0.01886,0.008026	-0.02038,0.01136	-0.02184,0.01432	-0.02359,0.01754	-0.02527,0.02119	-0.02711,0.02445	-0.02913,0.02869	-0.03177,0.0344	-0.03353,0.03675	-0.03522,0.0393	-0.03691,0.04187	-0.0386,0.04444	-0.04029,0.04701	-0.04198,0.04958	-0.04367,0.05215	-0.04536,0.05472	-0.04695,0.0569	-0.0487,0.05913	-0.05047,0.06118	-0.05135,0.05668	-0.0509,0.05133	-0.05058,0.051	-0.054,0.05105	-0.05772,0.05118	-0.06189,0.05396	-0.06486,0.0603	-0.0653,0.06712	-0.06365,0.07287	-0.06257,0.07567	-0.06177,0.07887	-0.061,0.08213	-0.05918,0.08498	-0.05799,0.08594	-0.05633,0.08577	-0.05528,0.08544	-0.05422,0.08517	-0.05316,0.08491	-0.05215,0.08419	-0.05091,0.08116	-0.04976,0.07917	-0.04943,0.0796	-0.0491,0.07816	-0.04779,0.08121	-0.04527,0.08344	-0.04201,0.08623	-0.0388,0.08883	-0.03579,0.09174	-0.03263,0.09473	-0.02953,0.09771	-0.02631,0.101	-0.02303,0.104	-0.02084,0.1062	-0.01953,0.1097	-0.01996,0.115	-0.02097,0.1205	-0.02175,0.1269	-0.02236,0.1325	-0.02298,0.138	-0.02359,0.1436	-0.0242,0.1492	-0.02481,0.1547	-0.02543,0.1603	-0.02709,0.1683	-0.0274,0.1749	-0.02743,0.1803	-0.02747,0.1857	-0.0275,0.1911	-0.02701,0.1964	-0.02685,0.2012	-0.02778,0.2032	-0.02737,0.2083	-0.02667,0.2144	-0.02666,0.2196	-0.02665,0.2248	-0.02687,0.231	-0.02688,0.2362	-0.0269,0.2414	-0.02692,0.2465	-0.02659,0.2519	-0.02428,0.2578	-0.02313,0.2631	-0.02197,0.2685	-0.02081,0.2739	-0.01935,0.2786	-0.01864,0.2837	-0.01812,0.2893	-0.01772,0.295	-0.0179,0.2995	-0.01938,0.3049	-0.02089,0.3103	-0.0224,0.3158	-0.02391,0.3212	-0.02605,0.3281	-0.02736,0.3349	-0.0282,0.3403	-0.02923,0.348	-0.02938,0.3536	-0.02966,0.3589	-0.02993,0.3641	-0.02909,0.3696	-0.02875,0.375	-0.02841,0.3803	-0.02806,0.3857	-0.02772,0.3911	-0.02738,0.3964	-0.02704,0.4018	-0.02572,0.4071	-0.02396,0.4124	-0.02276,0.4179	-0.02135,0.4224	-0.02105,0.4276	-0.02127,0.4328	-0.02028,0.4372	-0.01821,0.4449	-0.0148,0.4504	-0.01152,0.4507	-0.01153,0.4507	-0.008815,0.4509	-0.00669,0.4508	-0.004925,0.4507	-0.003181,0.4506	-0.001438,0.4504	0.0003056,0.4503	0.002049,0.4502	0.005177,0.45	0.007707,0.4504	0.006884,0.4503	0.006836,0.4506	0.007797,0.4505	0.00864,0.4505	0.009463,0.4504	0.01028,0.4504	0.01008,0.4504	0.01051,0.4503	0.01101,0.4503	0.01151,0.4503	0.01201,0.4502	0.01252,0.4502	0.01323,0.4507	0.01624,0.4525	0.01949,0.4536	0.02303,0.4534	0.02719,0.453	0.03078,0.4523	0.03303,0.4508	0.03489,0.4507	0.03489,0.4507	0.03577,0.4519	0.03902,0.455	0.03908,0.455	0.0374,0.4552	0.03664,0.4545	0.03125,0.4523	0.03115,0.4523	0.03298,0.4535	0.03462,0.4534	0.03462,0.4534	0.03462,0.4534	0.03462,0.4534	0.03462,0.4534	0.03657,0.4533	0.03852,0.4531	0.03879,0.4531	0.03904,0.4531	0.03928,0.4531	0.0375,0.4518	0.0375,0.4519	0.0375,0.4519	0.03789,0.4518	0.04126,0.4516	0.04661,0.4513	0.05175,0.4505	0.0563,0.449	0.05784,0.4473	0.05845,0.4463	0.05787,0.4455	0.05876,0.4454	0.06063,0.4465	0.06171,0.4472	0.06303,0.447	0.06372,0.4469	0.06511,0.4466	0.06466,0.4467	0.06567,0.4465	0.06568,0.4449	0.065,0.4424	0.06327,0.4314	0.0634,0.4219	0.06045,0.4223	0.05821,0.4218	0.05597,0.4221	0.05338,0.4197	0.0508,0.418	0.04742,0.417	0.04309,0.4179	0.03855,0.4187	0.03401,0.4196	0.02784,0.4252	0.02421,0.4283	0.02166,0.4284	0.01911,0.4286	0.01657,0.4287	0.01402,0.4289	0.01172,0.4298	0.009609,0.43	0.007441,0.4301	0.005269,0.4302	0.003098,0.4304	0.0009262,0.4305	-0.001245,0.4307	-0.003417,0.4308	-0.005589,0.4309	-0.00776,0.4311	-0.009932,0.4312	-0.0121,0.4313	-0.01441,0.4333	-0.0163,0.4334	-0.01826,0.4335	-0.02022,0.4337	-0.02218,0.4338	-0.02414,0.4339	-0.0261,0.434	-0.02759,0.4332	-0.02943,0.428	-0.02971,0.423	-0.03002,0.4196	-0.03208,0.4188	-0.03394,0.4182	-0.03216,0.4154	-0.03252,0.415	-0.03304,0.4148	-0.03357,0.4145	-0.0341,0.4143	-0.03462,0.414	-0.03515,0.4137	-0.035,0.4131	-0.03139,0.4117	-0.02933,0.4115	-0.02733,0.4112	-0.02626,0.4111	-0.02519,0.4111	-0.02412,0.411	-0.02304,0.411	-0.02197,0.4109	-0.0209,0.4109	-0.02213,0.4117	-0.02435,0.4135	-0.0238,0.4132	-0.02154,0.4112	-0.01927,0.4093	-0.017,0.4073	-0.01575,0.4062	-0.01347,0.4046	-0.01119,0.403	-0.005878,0.4003	0.001451,0.3982	0.009392,0.3977	0.0174,0.3987	0.02295,0.4011	0.028,0.4036	0.03305,0.4062	0.0381,0.4087	0.04315,0.4112	0.0482,0.4138	0.05242,0.4148	0.056,0.4145	0.05899,0.4139	0.06201,0.4128	0.0697,0.4121	0.07373,0.4125	0.07553,0.4121	0.07732,0.4118	0.07912,0.4115	0.08091,0.4111	0.08523,0.412	0.08785,0.4129	0.08886,0.4127	0.08988,0.4125	0.09089,0.4123	0.09182,0.4116	0.09173,0.4081	0.08948,0.4086	0.08846,0.4079	0.08759,0.4081	0.08401,0.4042	0.08073,0.4021	0.07902,0.3975	0.07788,0.3933	0.07885,0.3919	0.0781,0.397	0.07689,0.4019	0.07659,0.4076	0.07661,0.413	0.07672,0.4186	0.07682,0.4243	0.07693,0.4299	0.07704,0.4356	0.07708,0.4378	0.07708,0.4378	0.07708,0.4378	0.07708,0.4378	0.07708,0.4378	0.07708,0.4378	0.07693,0.4378	0.07679,0.4378	0.07679,0.4378	0.07679,0.4378	0.07679,0.4378	0.07679,0.4378	0.07608,0.4382	0.07717,0.4394	0.08037,0.4412	0.08411,0.4405	0.08798,0.4398	0.09104,0.4387	0.09161,0.4384	0.09197,0.4383	0.09178,0.4351	0.09266,0.4345	0.09319,0.4343	0.09388,0.4392	0.09586,0.4389	0.09754,0.4384	0.09907,0.4379	0.1011,0.4377	0.1019,0.4372	0.1039,0.4391	0.1074,0.438	0.1101,0.4371	0.1103,0.4371	0.1126,0.4346	0.1137,0.4342	0.1142,0.4358	0.1142,0.4311	0.1143,0.4309	0.1146,0.4345	0.1141,0.4346	0.1155,0.4342	0.1162,0.4339	0.1154,0.436	0.1151,0.4359	0.1155,0.4342	0.1136,0.4267	0.117,0.4277	0.1201,0.4291	0.1205,0.43	0.1205,0.43	0.1205,0.43	0.1216,0.4296	0.1212,0.4297	0.1218,0.4295	0.1214,0.4293	0.1213,0.4293	0.1213,0.4293	0.1213,0.4293	0.1213,0.4293	0.12,0.4301	0.1179,0.4309	0.1177,0.4309	0.1189,0.4305	0.121,0.4298	0.1225,0.4297	0.1251,0.4285	0.1274,0.4277	0.1296,0.427	0.1327,0.4279	0.1371,0.4288	0.1416,0.428	0.1461,0.4255	0.1509,0.4226	0.1556,0.4198	0.1528,0.4211	0.1507,0.4214	0.151,0.4182	0.152,0.4156	0.1512,0.4139	0.1472,0.4133	0.143,0.4127	0.1391,0.4105	0.1387,0.4073	0.1366,0.4032	0.1355,0.3974	0.1363,0.3965	0.1373,0.3988	0.1347,0.3965	0.1324,0.3939	0.1312,0.3907	0.1313,0.3878	0.1331,0.3851	0.1366,0.3825	0.1396,0.3785	0.1396,0.3757	0.1395,0.3739	0.1371,0.3739	0.1364,0.3748	0.138,0.3734	0.1391,0.372	0.1398,0.3703	0.1404,0.3686	0.1409,0.3669	0.1418,0.3651	0.1429,0.3641	0.1436,0.3633	0.1425,0.362	0.1406,0.3606	0.1383,0.3594	0.1353,0.3574	0.1328,0.356	0.13,0.355	0.128,0.3552	0.1248,0.3544	0.1199,0.3539	0.1145,0.3537	0.1091,0.3534	0.1038,0.3531	0.09841,0.3528	0.09311,0.3523	0.08769,0.3518	0.08221,0.3513	0.07673,0.3508	0.07125,0.3504	0.06577,0.3499	0.06229,0.3529	0.06274,0.3587	0.06315,0.3601	0.06402,0.3663	0.06416,0.3694	0.06402,0.372	0.06387,0.3746	0.06373,0.3772	0.06358,0.3798	0.06344,0.3824	0.06329,0.385	0.065,0.3906	0.0716,0.3982	0.08165,0.4033	0.09071,0.4043	0.1003,0.4028	0.108,0.4008	0.1138,0.3989	0.1154,0.3998	0.117,0.4008	0.1185,0.4018	0.1201,0.4028	0.1223,0.4026	0.1236,0.4029	0.125,0.4031	0.1251,0.4043	0.1265,0.4044	0.1269,0.405	0.1281,0.4044	0.1266,0.4056	0.1261,0.4063	0.1286,0.406	0.1311,0.4058	0.1336,0.4055	0.1362,0.4052	0.1387,0.405	0.1412,0.4047	0.1438,0.4044
4	0.3902,-0.171	0.3934,-0.171	0.3986,-0.1697	0.4048,-0.1676	0.4095,-0.1658	0.4145,-0.1643	0.4184,-0.1626	0.4194,-0.1602	0.4203,-0.1577	0.4213,-0.1553	0.4223,-0.1529	0.4232,-0.1504	0.4242,-0.148	0.4251,-0.1456	0.4255,-0.1437	0.4254,-0.1443	0.4253,-0.1446	0.4273,-0.1436	0.4281,-0.1429	0.429,-0.1423	0.429,-0.1423	0.429,-0.1421	0.429,-0.1421	0.429,-0.1421	0.429,-0.1421	0.429,-0.1421	0.429,-0.1421	0.429,-0.1421	0.429,-0.1421	0.4296,-0.1398	0.4303,-0.137	0.4305,-0.1365	0.4282,-0.1359	0.4276,-0.1356	0.4276,-0.1356	0.4276,-0.1356	0.4266,-0.1358	0.4265,-0.1359	0.4265,-0.1359	0.4269,-0.1343	0.4269,-0.1343	0.4269,-0.1343	0.4269,-0.1343	0.4281,-0.1337	0.4281,-0.1336	0.4278,-0.135	0.428,-0.1341	0.4287,-0.1336	0.4282,-0.1335	0.4282,-0.1335	0.4282,-0.1335	0.4282,-0.1335	0.4282,-0.1335	0.4282,-0.1335	0.4284,-0.1325	0.4288,-0.1312	0.4291,-0.13	0.4298,-0.1272	0.4303,-0.1251	0.4307,-0.1238	0.4305,-0.1225	0.4308,-0.1211	0.4311,-0.12	0.4314,-0.1189	0.4317,-0.1178	0.432,-0.1168	0.4322,-0.1159	0.4324,-0.115	0.4326,-0.1142	0.4329,-0.1132	0.4334,-0.111	0.4337,-0.11	0.4343,-0.1077	0.4349,-0.1074	0.4349,-0.1074	0.4349,-0.1074	0.4349,-0.1074	0.4349,-0.1074	0.4349,-0.1074	0.4357,-0.1065	0.4357,-0.1065	0.4357,-0.1065	0.4344,-0.1055	0.4342,-0.1044	0.4343,-0.1024	0.4345,-0.1013	0.4345,-0.1013	0.4345,-0.1013	0.4345,-0.1013	0.4345,-0.1013	0.4345,-0.1013	0.4345,-0.1013	0.4361,-0.1003	0.4369,-0.09725	0.4378,-0.09406	0.4386,-0.09088	0.4387,-0.08785	0.4393,-0.08519	0.4412,-0.08231	0.4417,-0.07864	0.4422,-0.07496	0.4426,-0.07128	0.4431,-0.06759	0.4436,-0.06391	0.444,-0.06023	0.4443,-0.05771	0.4443,-0.05771	0.4443,-0.05771	0.4443,-0.05771	0.4445,-0.05682	0.4446,-0.05571	0.4448,-0.05433	0.4452,-0.05463	0.4458,-0.05487	0.4458,-0.05487	0.4463,-0.05514	0.4473,-0.05283	0.4474,-0.05025	0.4452,-0.04903	0.4454,-0.04808	0.4428,-0.04653	0.4428,-0.04649	0.4428,-0.04649	0.4465,-0.04618	0.4506,-0.04205	0.4544,-0.03596	0.4545,-0.03251	0.4545,-0.03032	0.4565,-0.02681	0.4572,-0.02518	0.4571,-0.02407	0.4569,-0.02283	0.454,-0.02116	0.4515,-0.01899	0.4514,-0.01879	0.4492,-0.02145	0.4415,-0.02195	0.443,-0.02339	0.4451,-0.02668	0.4451,-0.02687	0.4445,-0.02698	0.4451,-0.02788	0.445,-0.02759	0.4449,-0.02703	0.4462,-0.0269	0.4524,-0.02691	0.4499,-0.02944	0.4518,-0.02827	0.4518,-0.02827	0.4518,-0.02827	0.4516,-0.02707	0.4512,-0.02345	0.4513,-0.02257	0.4505,-0.02267	0.4505,-0.02257	0.4539,-0.02183	0.4539,-0.02024	0.4539,-0.01923	0.4539,-0.01768	0.4539,-0.01637	0.4509,-0.01509	0.4512,-0.0133	0.4509,-0.0113	0.4506,-0.008864	0.4504,-0.006871	0.4501,-0.004926	0.4498,-0.002495	0.4495,3.432e-05	0.4492,0.002068	0.449,0.004312	0.4487,0.006943	0.4483,0.009635	0.448,0.01233	0.4476,0.01503	0.4496,0.01728	0.4509,0.02038	0.4504,0.02369	0.4478,0.02703	0.4447,0.02915	0.4443,0.0307	0.4439,0.03214	0.4435,0.03356	0.4391,0.03484	0.4408,0.03711	0.4383,0.0384	0.4382,0.04017	0.4378,0.04262	0.4375,0.04499	0.437,0.04678	0.4366,0.04841	0.4363,0.04949	0.4288,0.05063	0.4186,0.05303	0.4137,0.05418	0.4131,0.05244	0.4133,0.05087	0.4134,0.04966	0.4136,0.04848	0.4109,0.05078	0.4093,0.05417	0.41,0.05668	0.4126,0.05531	0.4146,0.05123	0.4151,0.04611	0.4155,0.04048	0.4158,0.03484	0.4162,0.02921	0.4166,0.02357	0.4169,0.01794	0.4173,0.0123	0.4182,0.007844	0.4206,0.00402	0.4234,-0.001347	0.4274,-0.007457	0.4327,-0.01162	0.4327,-0.01187	0.4327,-0.01209	0.4327,-0.01231	0.4327,-0.01253	0.4327,-0.01275	0.4327,-0.01297	0.4332,-0.01314	0.4352,-0.01387	0.4367,-0.01372	0.4367,-0.01372	0.4334,-0.01442	0.4316,-0.01625	0.4316,-0.01692	0.4316,-0.01746	0.4356,-0.01886	0.4361,-0.01885	0.4361,-0.01885	0.4346,-0.01797	0.4282,-0.01536	0.4236,-0.01262	0.4216,-0.01078	0.4238,-0.01313	0.4257,-0.0172	0.4261,-0.02169	0.4248,-0.02602	0.4221,-0.02962	0.4183,-0.03202	0.4139,-0.03291	0.4083,-0.03275	0.4028,-0.03258	0.3977,-0.03329	0.3922,-0.03433	0.3866,-0.03537	0.3811,-0.03641	0.3755,-0.03746	0.37,-0.0385	0.3644,-0.03954	0.3589,-0.04058	0.3533,-0.04162	0.3482,-0.04253	0.3428,-0.04246	0.3371,-0.04228	0.3315,-0.0421	0.3259,-0.04192	0.3202,-0.04174	0.3146,-0.04156	0.3089,-0.04138	0.3033,-0.0412	0.2976,-0.04102	0.292,-0.04084	0.2863,-0.04066	0.2807,-0.04048	0.2751,-0.0403	0.2694,-0.04012	0.2638,-0.03994	0.2581,-0.03976	0.2527,-0.03936	0.2471,-0.03877	0.2415,-0.03819	0.2359,-0.0376	0.2303,-0.03701	0.2246,-0.03642	0.2192,-0.03585	0.2148,-0.03441	0.2097,-0.03187	0.2047,-0.02933	0.1996,-0.02679	0.1946,-0.02425	0.1895,-0.02171	0.1845,-0.01916	0.1794,-0.01662	0.1744,-0.01408	0.1694,-0.01154	0.1643,-0.009	0.1593,-0.006459	0.1542,-0.003918	0.1495,-0.001353	0.1446,0.001546	0.1398,0.004446	0.1349,0.007345	0.1301,0.01024	0.1252,0.01314	0.1204,0.01604	0.1155,0.01894	0.1107,0.02184	0.1064,0.0248	0.1021,0.02837	0.09768,0.03194	0.0933,0.03551	0.08893,0.03908	0.08455,0.04265	0.08018,0.04622	0.0758,0.04979	0.07157,0.05324	0.06757,0.05532	0.0631,0.05586	0.05873,0.05477	0.05467,0.05199	0.05033,0.04838	0.04598,0.04478	0.04164,0.04117	0.03729,0.03756	0.03295,0.03396	0.02882,0.03045	0.02474,0.02654	0.02108,0.02385	0.01674,0.02264	0.01225,0.02304	0.006928,0.0248	0.001571,0.02658	-0.003787,0.02837	-0.009144,0.03016	-0.01413,0.03176	-0.01863,0.03197	-0.02385,0.03069	-0.02932,0.02925	-0.03478,0.02781	-0.04024,0.02637	-0.0457,0.02493	-0.05116,0.02349	-0.05173,0.02264	-0.05164,0.02187	-0.05258,0.02239	-0.05208,0.01975	-0.05191,0.01779	-0.05174,0.01583	-0.05157,0.01388	-0.05141,0.01192	-0.05124,0.009962	-0.05107,0.008005	-0.05316,0.01003	-0.05387,0.008989	-0.05433,0.00782	-0.05479,0.006654	-0.05525,0.005487	-0.05571,0.004321	-0.05617,0.003154	-0.05762,0.003259	-0.05722,0.001921	-0.05683,0.0005945	-0.05476,-0.004135	-0.05352,-0.01021	-0.0533,-0.01721	-0.0544,-0.02232	-0.05571,-0.02421	-0.05512,-0.03141	-0.05512,-0.03788	-0.05542,-0.0417	-0.05556,-0.0449	-0.05565,-0.0474	-0.05618,-0.04711	-0.05785,-0.04445	-0.05959,-0.04168	-0.06134,-0.03891	-0.06165,-0.0345	-0.06289,-0.03157	-0.06355,-0.02885	-0.06664,-0.02558	-0.06837,-0.02142	-0.06851,-0.01692	-0.06742,-0.01142	-0.06629,-0.005882	-0.06517,-0.0003481	-0.06404,0.005186	-0.06292,0.01072	-0.0618,0.01625	-0.06042,0.02126	-0.05851,0.02657	-0.05659,0.03188	-0.05475,0.03702	-0.05249,0.04215	-0.0502,0.04732	-0.0479,0.05248	-0.04777,0.05614	-0.04972,0.05939	-0.05208,0.06177	-0.05816,0.06677	-0.06363,0.07211	-0.06628,0.07194	-0.06859,0.07296	-0.07059,0.0701	-0.07338,0.06892	-0.07623,0.06694	-0.07889,0.06663	-0.08155,0.06625	-0.08422,0.06444	-0.08126,0.05978	-0.07881,0.06032	-0.08231,0.06299	-0.09054,0.06653	-0.0941,0.06739	-0.1031,0.07224	-0.1124,0.07536	-0.1181,0.07468	-0.1229,0.07391	-0.1282,0.07363	-0.1322,0.07874	-0.1348,0.08657	-0.1354,0.09481	-0.1349,0.1022	-0.1332,0.1067	-0.1341,0.1095	-0.1367,0.1127	-0.1391,0.1169	-0.1393,0.1225	-0.1378,0.128	-0.1346,0.1328	-0.13,0.1364	-0.1247,0.1384	-0.1193,0.14	-0.1139,0.1416	-0.1084,0.1431	-0.103,0.1449	-0.09954,0.1468	-0.09705,0.1497	-0.09456,0.1526	-0.09206,0.1556	-0.08957,0.1586	-0.08708,0.1616	-0.08354,0.1662	-0.07846,0.1718	-0.07536,0.1753	-0.07359,0.1774	-0.07141,0.18	-0.0686,0.1835	-0.0658,0.1869	-0.063,0.1903	-0.06024,0.1949	-0.05779,0.1984	-0.05564,0.2005	-0.05314,0.2045	-0.04941,0.2129	-0.04633,0.2195	-0.04148,0.2262	-0.03584,0.2321	-0.02968,0.2371	-0.02326,0.2409	-0.01685,0.2436	-0.01722,0.2468	-0.01709,0.2494	-0.01939,0.2512	-0.02075,0.253	-0.0205,0.254	-0.02216,0.2556	-0.02387,0.2571	-0.02963,0.2581	-0.03124,0.2587	-0.03666,0.2585	-0.03982,0.2587	-0.04299,0.2588	-0.04616,0.259	-0.05089,0.2595	-0.058,0.26	-0.06054,0.2607	-0.06259,0.2614	-0.06036,0.2622	-0.0629,0.2629	-0.06572,0.2637	-0.06853,0.2645	-0.07135,0.2652	-0.07417,0.266	-0.07699,0.2667	-0.07981,0.2675	-0.08262,0.2683	-0.08975,0.2689	-0.0968,0.2685
5	-0.07474,0.2424	-0.07477,0.246	-0.07457,0.2516	-0.07436,0.2573	-0.07416,0.2629	-0.07335,0.2678	-0.07193,0.2733	-0.07108,0.278	-0.07126,0.2836	-0.07146,0.2892	-0.07167,0.2949	-0.07187,0.3005	-0.07207,0.3062	-0.07221,0.3114	-0.07162,0.3161	-0.0718,0.3217	-0.07201,0.3273	-0.07221,0.333	-0.07241,0.3386	-0.07292,0.344	-0.07353,0.3496	-0.07414,0.3553	-0.07475,0.3609	-0.0752,0.3663	-0.07574,0.3714	-0.07675,0.377	-0.07777,0.3825	-0.07879,0.3881	-0.0798,0.3936	-0.08082,0.3992	-0.08184,0.4048	-0.08285,0.4103	-0.08387,0.4159	-0.08489,0.4214	-0.0859,0.427	-0.08692,0.4325	-0.08749,0.4356	-0.08749,0.4356	-0.08749,0.4356	-0.08749,0.4356	-0.08749,0.4356	-0.08749,0.4356	-0.08773,0.4357	-0.08773,0.4357	-0.08773,0.4357	-0.08773,0.4357	-0.08773,0.4357	-0.08773,0.4357	-0.08773,0.4357	-0.08707,0.4357	-0.08694,0.4365	-0.08901,0.4381	-0.09181,0.4376	-0.09477,0.437	-0.09774,0.4364	-0.1009,0.4354	-0.1035,0.4349	-0.106,0.4344	-0.108,0.4337	-0.1098,0.4331	-0.1117,0.4325	-0.1136,0.4319	-0.1155,0.4313	-0.1174,0.4307	-0.1196,0.4304	-0.1218,0.4297	-0.1241,0.4289	-0.1263,0.4282	-0.1286,0.4275	-0.1308,0.4267	-0.1334,0.4264	-0.136,0.4255	-0.1386,0.4247	-0.1416,0.4246	-0.1459,0.4257	-0.1509,0.4247	-0.1555,0.4232	-0.1599,0.4215	-0.164,0.4196	-0.168,0.4177	-0.172,0.4158	-0.1761,0.4139	-0.1801,0.412	-0.1846,0.4114	-0.1889,0.4091	-0.1937,0.4061	-0.1985,0.4031	-0.2032,0.4	-0.208,0.397	-0.2127,0.394	-0.2175,0.3909	-0.2214,0.3879	-0.2254,0.3839	-0.2294,0.3799	-0.2334,0.3759	-0.2374,0.3719	-0.2414,0.3679	-0.2454,0.3639	-0.2494,0.36	-0.2534,0.356	-0.2571,0.3522	-0.2597,0.3478	-0.2624,0.3429	-0.2651,0.3379	-0.2678,0.3329	-0.2705,0.328	-0.2732,0.323	-0.2754,0.3185	-0.2761,0.3141	-0.2756,0.3085	-0.2752,0.3028	-0.2747,0.2972	-0.2742,0.2916	-0.2738,0.286	-0.2733,0.2803	-0.2728,0.2747	-0.2724,0.2691	-0.2719,0.2635	-0.2714,0.2578	-0.2708,0.2524	-0.27,0.2469	-0.2691,0.2413	-0.2682,0.2357	-0.2673,0.2301	-0.2665,0.2245	-0.2656,0.2192	-0.2639,0.2145	-0.2615,0.2094	-0.2591,0.2045	-0.2561,0.2003	-0.2527,0.1959	-0.2492,0.1914	-0.2457,0.187	-0.2422,0.1825	-0.2388,0.1781	-0.2353,0.1736	-0.2318,0.1692	-0.2283,0.1647	-0.2249,0.1603	-0.2214,0.1558	-0.2179,0.1514	-0.2144,0.1469	-0.2121,0.1428	-0.21,0.1376	-0.2079,0.1323	-0.2059,0.127	-0.2042,0.1221	-0.2029,0.1166	-0.2025,0.1121	-0.2032,0.1066	-0.2039,0.101	-0.2047,0.09577	-0.2065,0.09069	-0.2084,0.08539	-0.2104,0.08009	-0.2123,0.07478	-0.2143,0.06998	-0.217,0.06501	-0.2196,0.06005	-0.2223,0.05508	-0.225,0.05012	-0.2277,0.04515	-0.2306,0.04086	-0.234,0.03634	-0.2374,0.0324	-0.2414,0.02841	-0.2441,0.02481	-0.2461,0.01979	-0.248,0.01449	-0.25,0.009185	-0.2519,0.003884	-0.2539,-0.001418	-0.2558,-0.006719	-0.2578,-0.01202	-0.2597,-0.01732	-0.2617,-0.02262	-0.2636,-0.02793	-0.2655,-0.03323	-0.2675,-0.03853	-0.2693,-0.04343	-0.2722,-0.04801	-0.2752,-0.05277	-0.2782,-0.05753	-0.2813,-0.06228	-0.2843,-0.06704	-0.2874,-0.0718	-0.2902,-0.07592	-0.2942,-0.0799	-0.2982,-0.08388	-0.3022,-0.08787	-0.3042,-0.08983	-0.3042,-0.08978	-0.3043,-0.08974	-0.3043,-0.0897	-0.3043,-0.08966	-0.3044,-0.08962	-0.3044,-0.08958	-0.3059,-0.08813	-0.3079,-0.08915	-0.3123,-0.09217	-0.3158,-0.09608	-0.32,-0.09927	-0.324,-0.1026	-0.3278,-0.1063	-0.3319,-0.1095	-0.3359,-0.113	-0.3396,-0.1148	-0.343,-0.1175	-0.3468,-0.1204	-0.3509,-0.1231	-0.3548,-0.126	-0.3586,-0.1288	-0.3625,-0.1316	-0.3664,-0.1344	-0.3702,-0.1371	-0.3741,-0.1399	-0.3779,-0.1427	-0.3818,-0.1455	-0.3848,-0.1478	-0.3846,-0.1482	-0.3844,-0.1487	-0.3835,-0.1509	-0.3842,-0.1502	-0.3839,-0.1509	-0.3836,-0.1515	-0.3834,-0.1521	-0.3832,-0.1527	-0.3832,-0.1528	-0.3836,-0.1532	-0.3833,-0.1539	-0.3831,-0.1545	-0.3828,-0.1551	-0.3813,-0.158	-0.3803,-0.1606	-0.3798,-0.1619	-0.3786,-0.1652	-0.3773,-0.1689	-0.3766,-0.1708	-0.3758,-0.1728	-0.3756,-0.1737	-0.3738,-0.1777	-0.3738,-0.183	-0.3738,-0.1834	-0.3736,-0.1833	-0.3727,-0.1848	-0.3726,-0.185	-0.372,-0.1862	-0.3714,-0.1872	-0.3705,-0.189	-0.3697,-0.1886	-0.3691,-0.1881	-0.3689,-0.1883	-0.3681,-0.1899	-0.3676,-0.1915	-0.367,-0.193	-0.3666,-0.1939	-0.3661,-0.197	-0.3647,-0.1994	-0.3642,-0.2001	-0.3629,-0.2025	-0.3612,-0.2055	-0.3594,-0.2089	-0.3574,-0.2119	-0.3593,-0.2139	-0.3576,-0.2168	-0.3562,-0.2187	-0.3542,-0.2202	-0.3529,-0.222	-0.3516,-0.2238	-0.3496,-0.2266	-0.3472,-0.2298	-0.3458,-0.2318	-0.3438,-0.2345	-0.3421,-0.2368	-0.3409,-0.2388	-0.3402,-0.2403	-0.3394,-0.2415	-0.3364,-0.2438	-0.3349,-0.2456	-0.3337,-0.2472	-0.3326,-0.2485	-0.3315,-0.25	-0.3304,-0.2516	-0.3293,-0.253	-0.3282,-0.2542	-0.3272,-0.2553	-0.3262,-0.2564	-0.3252,-0.2576	-0.3237,-0.259	-0.3204,-0.2612	-0.3167,-0.2641	-0.3157,-0.265	-0.3146,-0.2665	-0.3134,-0.2675	-0.3114,-0.2696	-0.3103,-0.2708	-0.3094,-0.2717	-0.3066,-0.2744	-0.3031,-0.2789	-0.3028,-0.2795	-0.3021,-0.2805	-0.3014,-0.2814	-0.3008,-0.2823	-0.2998,-0.2855	-0.2992,-0.2878	-0.2992,-0.2888	-0.299,-0.2897	-0.299,-0.2897	-0.299,-0.2897	-0.299,-0.2899	-0.2986,-0.2922	-0.3001,-0.2986	-0.3047,-0.3041	-0.3083,-0.3077	-0.3115,-0.3102	-0.3148,-0.3105	-0.3176,-0.3088	-0.319,-0.3052	-0.3195,-0.3005	-0.3185,-0.2958	-0.3161,-0.2926	-0.3107,-0.2939	-0.3051,-0.295	-0.2996,-0.2962	-0.2942,-0.2975	-0.2888,-0.2985	-0.2833,-0.2997	-0.2778,-0.3009	-0.2723,-0.3017	-0.2669,-0.3023	-0.2613,-0.3029	-0.2557,-0.3035	-0.2504,-0.3042	-0.2457,-0.305	-0.2405,-0.3069	-0.2352,-0.3088	-0.2298,-0.3107	-0.2245,-0.3127	-0.2192,-0.3146	-0.2141,-0.3165	-0.2103,-0.3189	-0.2075,-0.3224	-0.2062,-0.3269	-0.2054,-0.3325	-0.2047,-0.3381	-0.2039,-0.3437	-0.2032,-0.3493	-0.2028,-0.3547	-0.2024,-0.3603	-0.2021,-0.366	-0.2017,-0.3716	-0.2014,-0.3773	-0.201,-0.3829	-0.2007,-0.3885	-0.2003,-0.3942	-0.1994,-0.3982	-0.198,-0.3988	-0.1971,-0.3993	-0.1961,-0.3997	-0.1951,-0.4002	-0.1942,-0.4006	-0.1932,-0.4011	-0.1922,-0.4015	-0.1913,-0.402	-0.1905,-0.4034	-0.1885,-0.4049	-0.1866,-0.4079	-0.1834,-0.4115	-0.179,-0.4135	-0.1746,-0.4156	-0.1704,-0.4171	-0.1662,-0.4185	-0.162,-0.4198	-0.1579,-0.4212	-0.1537,-0.4225	-0.1495,-0.4239	-0.1453,-0.4252	-0.1411,-0.4266	-0.137,-0.428	-0.1328,-0.4293	-0.1286,-0.4307	-0.1244,-0.432	-0.1203,-0.4334	-0.1163,-0.4342	-0.1125,-0.4355	-0.1084,-0.4363	-0.1042,-0.4371	-0.1001,-0.4379	-0.09603,-0.4387	-0.09306,-0.4391	-0.0911,-0.4396	-0.0888,-0.4399	-0.08806,-0.44	-0.08741,-0.44	-0.08678,-0.4423	-0.08453,-0.446	-0.08154,-0.4496	-0.08009,-0.4519	-0.07927,-0.4518	-0.07912,-0.4519	-0.08017,-0.4442	-0.07914,-0.435	-0.07752,-0.4311	-0.0768,-0.4318	-0.0762,-0.4318	-0.07567,-0.4318	-0.07551,-0.4311	-0.07538,-0.4341	-0.07495,-0.4362	-0.07318,-0.4332	-0.07239,-0.4343	-0.07465,-0.4431	-0.07382,-0.4424	-0.07266,-0.4393	-0.07213,-0.4357	-0.07213,-0.4357	-0.07165,-0.4336	-0.07165,-0.4336	-0.07181,-0.4326	-0.07174,-0.43	-0.07144,-0.4305	-0.07057,-0.4309	-0.06947,-0.431	-0.06834,-0.4311	-0.06834,-0.4311	-0.06823,-0.4311	-0.06765,-0.4311	-0.06739,-0.4311	-0.06625,-0.4287	-0.06582,-0.4286	-0.06582,-0.4286	-0.06582,-0.4286	-0.06582,-0.4286	-0.06573,-0.4288	-0.06573,-0.4308	-0.06509,-0.4309	-0.06426,-0.4295	-0.06148,-0.4257	-0.06142,-0.4257	-0.06142,-0.4257	-0.06142,-0.4257	-0.06133,-0.426	-0.06182,-0.428	-0.06195,-0.4288	-0.06254,-0.4335	-0.06148,-0.439	-0.05867,-0.4445	-0.05412,-0.448	-0.04888,-0.4501	-0.04417,-0.4491	-0.03905,-0.4493	-0.03585,-0.4495	-0.03206,-0.4491	-0.0297,-0.4487	-0.02684,-0.4495	-0.02447,-0.4496	-0.02125,-0.4498	-0.01648,-0.4501	-0.0117,-0.4504	-0.007027,-0.4505	-0.002696,-0.4503	0.001633,-0.45	0.005961,-0.4497	0.01053,-0.4488	0.01462,-0.4486	0.01877,-0.4479	0.0231,-0.446	0.02583,-0.4459	0.02924,-0.4445	0.03097,-0.4444	0.03247,-0.4443	0.03397,-0.4442	0.03547,-0.4441	0.03697,-0.444	0.03847,-0.4439	0.03996,-0.4438	0.04146,-0.4437	0.04296,-0.4436	0.04446,-0.4436	0.04685,-0.4455	0.05075,-0.4476
6	0.04281,0.3902	0.04529,0.3921	0.05023,0.3948	0.05521,0.3975	0.0602,0.4001	0.06518,0.4028	0.07016,0.4054	0.07514,0.4081	0.08001,0.4106	0.08211,0.4102	0.08422,0.4098	0.08588,0.409	0.09093,0.4085	0.09248,0.408	0.0943,0.4077	0.09612,0.4073	0.09794,0.407	0.09977,0.4067	0.1021,0.4073	0.1053,0.4082	0.1076,0.4078	0.1078,0.4052	0.1103,0.4046	0.1133,0.404	0.116,0.4034	0.1175,0.402	0.1199,0.4013	0.1223,0.4005	0.1273,0.3999	0.133,0.4005	0.1343,0.4001	0.1356,0.3997	0.1369,0.3992	0.1382,0.3988	0.1386,0.3967	0.1404,0.3961	0.1421,0.3956	0.1439,0.395	0.1456,0.3944	0.15,0.3952	0.1522,0.3948	0.1534,0.3944	0.1547,0.394	0.1559,0.3936	0.1571,0.3932	0.1584,0.3928	0.1596,0.3924	0.1608,0.392	0.1621,0.3916	0.1633,0.3912	0.1645,0.3908	0.1658,0.3904	0.167,0.39	0.169,0.39	0.1737,0.3928	0.1782,0.3973	0.1821,0.4031	0.1853,0.4092	0.1876,0.4153	0.1884,0.42	0.1874,0.4218	0.1861,0.4227	0.1829,0.4233	0.1814,0.4209	0.1794,0.4204	0.1782,0.4192	0.177,0.4181	0.1743,0.4191	0.1733,0.4185	0.172,0.4184	0.1713,0.4179	0.1705,0.4173	0.1698,0.4167	0.169,0.4161	0.1694,0.4145	0.1688,0.4147	0.1677,0.4154	0.1661,0.4165	0.1627,0.4201	0.1614,0.4217	0.1592,0.4237	0.1578,0.4252	0.1589,0.4254	0.1616,0.426	0.1644,0.4265	0.1671,0.4271	0.1698,0.4276	0.1722,0.4268	0.1748,0.4256	0.1774,0.4244	0.176,0.4247	0.1773,0.4235	0.1748,0.4217	0.1696,0.4195	0.1654,0.416	0.1621,0.4113	0.1584,0.4056	0.1577,0.402	0.1547,0.3982	0.1517,0.3944	0.1495,0.3915	0.147,0.3879	0.1462,0.3847	0.1448,0.3807	0.1415,0.3763	0.1377,0.3723	0.1342,0.3685	0.1312,0.3653	0.1274,0.3613	0.1243,0.3573	0.1211,0.3533	0.118,0.3492	0.1111,0.3462	0.1112,0.3443	0.1118,0.3433	0.1101,0.3416	0.1083,0.3398	0.1065,0.338	0.1047,0.3362	0.1027,0.3345	0.1008,0.3327	0.09887,0.331	0.09693,0.3293	0.09238,0.3272	0.09043,0.3267	0.09217,0.3267	0.09576,0.3263	0.09323,0.3245	0.08997,0.3227	0.08704,0.3209	0.08393,0.3191	0.07657,0.3174	0.07092,0.3166	0.07037,0.3157	0.06967,0.3141	0.06895,0.3124	0.06824,0.3107	0.06448,0.3069	0.06081,0.3046	0.06271,0.303	0.06719,0.3026	0.07152,0.3039	0.07607,0.3068	0.08078,0.3099	0.08549,0.313	0.0902,0.3161	0.09491,0.3192	0.09962,0.3223	0.1043,0.3254	0.109,0.3286	0.1131,0.3315	0.1161,0.3354	0.119,0.3402	0.122,0.345	0.1249,0.3497	0.1264,0.3539	0.1263,0.3584	0.1247,0.3626	0.1215,0.366	0.1171,0.3696	0.1127,0.3731	0.1083,0.3766	0.1038,0.3801	0.1007,0.3834	0.09821,0.3882	0.09568,0.3932	0.09411,0.3965	0.09411,0.3965	0.09347,0.3948	0.09144,0.3908	0.09129,0.3907	0.0914,0.3922	0.09166,0.3927	0.09037,0.3964	0.09028,0.3964	0.0879,0.3931	0.08618,0.3911	0.08619,0.3911	0.08619,0.3911	0.08619,0.3911	0.08619,0.3911	0.08456,0.3883	0.0835,0.3863	0.08377,0.3863	0.08401,0.3862	0.08426,0.3862	0.08571,0.3882	0.08617,0.3884	0.08617,0.3884	0.08535,0.388	0.08254,0.3861	0.07897,0.385	0.07564,0.3856	0.07561,0.3876	0.08083,0.3897	0.0849,0.3905	0.09017,0.3925	0.09544,0.3945	0.1003,0.3964	0.1038,0.3983	0.1071,0.3976	0.1096,0.3986	0.1119,0.3994	0.116,0.4006	0.1172,0.4008	0.1213,0.4045	0.1254,0.4081	0.1293,0.4121	0.1332,0.4162	0.1362,0.4201	0.1378,0.4227	0.1378,0.4227	0.1378,0.4227	0.1378,0.4227	0.1386,0.4232	0.1397,0.4228	0.1409,0.4224	0.142,0.4221	0.1432,0.4217	0.1443,0.4213	0.1455,0.4209	0.1466,0.4206	0.1478,0.4202	0.1489,0.4198	0.1501,0.4194	0.1513,0.4191	0.1524,0.4187	0.1536,0.4183	0.1547,0.4179	0.1568,0.4163	0.158,0.4162	0.1576,0.4175	0.156,0.418	0.1542,0.4186	0.1525,0.4191	0.1495,0.419	0.1474,0.4193	0.1476,0.4202	0.15,0.4214	0.1539,0.4219	0.1578,0.4206	0.1615,0.4196	0.165,0.4162	0.1677,0.4149	0.1703,0.4137	0.1729,0.4125	0.1757,0.4107	0.1781,0.4096	0.1804,0.4085	0.1826,0.4075	0.1849,0.4064	0.1872,0.4053	0.1895,0.4042	0.1917,0.4032	0.194,0.4021	0.1963,0.401	0.1986,0.4	0.2016,0.4	0.2047,0.3986	0.208,0.3971	0.211,0.3955	0.2136,0.3933	0.2159,0.3919	0.2181,0.3905	0.2203,0.3891	0.2225,0.3877	0.2247,0.3863	0.2269,0.3849	0.2237,0.3793	0.2175,0.374	0.2131,0.3689	0.2097,0.3699	0.2073,0.3685	0.2059,0.3665	0.2031,0.3684	0.2007,0.3715	0.1987,0.3787	0.1991,0.3847	0.1968,0.3856	0.193,0.388	0.1892,0.3923	0.1868,0.3956	0.1833,0.3978	0.1797,0.3999	0.1771,0.3997	0.1742,0.4011	0.1713,0.4024	0.1684,0.4038	0.1655,0.4052	0.1631,0.4063	0.1602,0.4078	0.1559,0.4036	0.1523,0.405	0.1481,0.407	0.1439,0.409	0.1396,0.411	0.1354,0.413	0.1312,0.4149	0.1273,0.4166	0.1231,0.42	0.1212,0.4209	0.1168,0.4223	0.1145,0.423	0.1128,0.4237	0.1119,0.4238	0.1081,0.4205	0.1044,0.4186	0.1028,0.4138	0.1017,0.4094	0.1041,0.4048	0.1028,0.4063	0.1015,0.4061	0.1014,0.4026	0.09979,0.3997	0.09894,0.398	0.09737,0.3956	0.0961,0.3927	0.09455,0.39	0.09359,0.3885	0.09202,0.3925	0.08976,0.3916	0.09019,0.3907	0.09046,0.3899	0.09202,0.3899	0.09383,0.3907	0.09598,0.3894	0.09793,0.3867	0.09988,0.384	0.1,0.3803	0.1015,0.3775	0.1032,0.3748	0.1049,0.3721	0.1076,0.3706	0.1097,0.3684	0.1117,0.3663	0.1167,0.3672	0.1172,0.367	0.1176,0.3669	0.1181,0.3677	0.1187,0.37	0.1192,0.3708	0.1207,0.3679	0.1238,0.3583	0.1236,0.3574	0.1227,0.3581	0.1219,0.3588	0.121,0.3596	0.1201,0.3617	0.1192,0.3655	0.1198,0.3667	0.1255,0.3603	0.1263,0.3605	0.1278,0.3612	0.1285,0.3593	0.1286,0.3587	0.1287,0.3586	0.1331,0.3564	0.1411,0.3531	0.1375,0.3533	0.1344,0.3537	0.1335,0.3526	0.1332,0.3525	0.1318,0.3551	0.1348,0.3555	0.1283,0.3546	0.1246,0.3575	0.1244,0.359	0.1244,0.359	0.1244,0.359	0.1243,0.3603	0.1225,0.3605	0.1197,0.3606	0.1178,0.3614	0.1177,0.3614	0.1177,0.3614	0.1177,0.3614	0.1177,0.3614	0.1187,0.3612	0.1192,0.3614	0.119,0.3615	0.1197,0.3608	0.1191,0.3617	0.1168,0.3634	0.1132,0.3658	0.1127,0.3689	0.1115,0.3713	0.1103,0.3737	0.1091,0.3761	0.1079,0.3785	0.1068,0.381	0.1056,0.3834	0.1044,0.3858	0.1032,0.3882	0.102,0.3906	0.1009,0.393	0.09968,0.3954	0.0985,0.3978	0.1006,0.4012	0.1045,0.4053	0.1066,0.4087	0.1071,0.4143	0.1073,0.4182	0.106,0.4142	0.1065,0.413	0.1097,0.4171	0.1076,0.4156	0.1053,0.413	0.104,0.4098	0.1042,0.4069	0.106,0.4041	0.1095,0.4016	0.1118,0.3972	0.1117,0.3944	0.1097,0.3884	0.1072,0.3881	0.1067,0.3889	0.1083,0.3875	0.1095,0.3861	0.1101,0.3844	0.1107,0.3827	0.1112,0.381	0.1121,0.3792	0.1125,0.3748	0.1151,0.3732	0.1189,0.3755	0.1216,0.3792	0.1228,0.3835	0.1228,0.3889	0.1226,0.3945	0.1225,0.4002	0.1223,0.4058	0.1221,0.4115	0.122,0.4171	0.1218,0.4227	0.1217,0.4283	0.1211,0.4285	0.1206,0.4286	0.1188,0.4286	0.1182,0.4289	0.1182,0.4289	0.1182,0.4289	0.1182,0.4289	0.1182,0.4289	0.1182,0.4289	0.1182,0.4289	0.1182,0.4289	0.1182,0.4289	0.1182,0.4289	0.1182,0.4289	0.1182,0.4289	0.1182,0.4289	0.1182,0.4289	0.1182,0.4289	0.1183,0.4288	0.1183,0.4288	0.1183,0.4288	0.1183,0.4288	0.1182,0.429	0.1182,0.429	0.1182,0.429	0.1182,0.429	0.1182,0.429	0.1182,0.429	0.1182,0.429	0.1182,0.429	0.1182,0.429	0.1182,0.429	0.1182,0.429	0.1182,0.429	0.1184,0.4288	0.1184,0.4288	0.1184,0.4288	0.1185,0.4287	0.119,0.4287	0.119,0.4287	0.1187,0.4287	0.1187,0.4287	0.1187,0.4287	0.1187,0.4287	0.1187,0.4287	0.1187,0.4287
7	-0.07233,-0.3799	-0.07095,-0.3763	-0.06904,-0.3712	-0.06744,-0.3658	-0.06585,-0.3604	-0.06492,-0.3568	-0.06529,-0.3567	-0.06566,-0.3565	-0.06603,-0.3564	-0.0664,-0.3563	-0.06676,-0.3561	-0.06713,-0.356	-0.0675,-0.3558	-0.06787,-0.3557	-0.06398,-0.356	-0.06404,-0.3555	-0.06517,-0.3547	-0.06473,-0.354	-0.0643,-0.3534	-0.06387,-0.3528	-0.06572,-0.3517	-0.06644,-0.3513	-0.06632,-0.3514	-0.06534,-0.3518	-0.06435,-0.3521	-0.06337,-0.3525	-0.06238,-0.3529	-0.0614,-0.3532	-0.06041,-0.3536	-0.05923,-0.3542	-0.05923,-0.3544	-0.05916,-0.3544	-0.05643,-0.3555	-0.0551,-0.3561	-0.05377,-0.3566	-0.05244,-0.3572	-0.05443,-0.356	-0.05354,-0.3559	-0.05262,-0.3558	-0.05171,-0.3556	-0.04762,-0.3578	-0.0464,-0.3585	-0.04551,-0.3591	-0.04557,-0.3594	-0.04606,-0.3635	-0.04676,-0.3681	-0.04717,-0.3726	-0.04757,-0.3771	-0.04797,-0.3815	-0.04837,-0.386	-0.04876,-0.3905	-0.04799,-0.3953	-0.0435,-0.4008	-0.04415,-0.4053	-0.04347,-0.4085	-0.04161,-0.4084	-0.0398,-0.4064	-0.03845,-0.4027	-0.03915,-0.3995	-0.03876,-0.3947	-0.03824,-0.3913	-0.03775,-0.388	-0.03727,-0.3846	-0.03679,-0.3812	-0.03631,-0.3779	-0.03582,-0.3745	-0.03534,-0.3711	-0.03287,-0.3688	-0.03255,-0.3667	-0.03135,-0.3647	-0.03013,-0.3638	-0.03066,-0.363	-0.03118,-0.3622	-0.0317,-0.3614	-0.03395,-0.3605	-0.03754,-0.3595	-0.04108,-0.3592	-0.0439,-0.3594	-0.04613,-0.3585	-0.04994,-0.3578	-0.05389,-0.3571	-0.05807,-0.3549	-0.06237,-0.3505	-0.06648,-0.3492	-0.06945,-0.3476	-0.07165,-0.3458	-0.07553,-0.3447	-0.08056,-0.3427	-0.08582,-0.3407	-0.09109,-0.3387	-0.09521,-0.3414	-0.1002,-0.3404	-0.1057,-0.3391	-0.1112,-0.3379	-0.1167,-0.3366	-0.123,-0.3357	-0.1293,-0.3362	-0.1343,-0.3351	-0.1396,-0.3339	-0.1449,-0.3327	-0.1482,-0.3309	-0.1517,-0.3292	-0.1551,-0.3257	-0.1605,-0.3245	-0.166,-0.3232	-0.1721,-0.3227	-0.1775,-0.3215	-0.183,-0.3202	-0.1885,-0.3189	-0.192,-0.3176	-0.1912,-0.3157	-0.1883,-0.3167	-0.1862,-0.3164	-0.1841,-0.3146	-0.1827,-0.3114	-0.1828,-0.3069	-0.1809,-0.3024	-0.1778,-0.2984	-0.1758,-0.291	-0.1746,-0.2846	-0.1725,-0.28	-0.1701,-0.2755	-0.1677,-0.2706	-0.1654,-0.2656	-0.1631,-0.2607	-0.1606,-0.2552	-0.1572,-0.2528	-0.1549,-0.2485	-0.1527,-0.2438	-0.1505,-0.2391	-0.1483,-0.2344	-0.1475,-0.2282	-0.1466,-0.2226	-0.145,-0.2173	-0.1438,-0.2118	-0.1424,-0.2064	-0.1411,-0.2013	-0.1394,-0.1958	-0.1378,-0.1905	-0.1361,-0.1851	-0.1345,-0.1797	-0.1328,-0.1743	-0.1314,-0.1695	-0.129,-0.1657	-0.125,-0.1622	-0.1207,-0.1585	-0.1164,-0.1548	-0.1121,-0.1512	-0.1078,-0.1475	-0.1035,-0.1438	-0.09915,-0.1402	-0.09508,-0.137	-0.0903,-0.134	-0.08551,-0.131	-0.08085,-0.1282	-0.07586,-0.1256	-0.07087,-0.1229	-0.06588,-0.1203	-0.0609,-0.1176	-0.05591,-0.115	-0.05163,-0.1126	-0.05173,-0.1123	-0.05183,-0.1119	-0.05196,-0.1114	-0.05211,-0.1107	-0.05226,-0.1097	-0.05242,-0.1085	-0.05256,-0.1072	-0.05292,-0.106	-0.05292,-0.1039	-0.05274,-0.1014	-0.05256,-0.09653	-0.05186,-0.09285	-0.05076,-0.09025	-0.04945,-0.08674	-0.04757,-0.08297	-0.04499,-0.07903	-0.04159,-0.07508	-0.03751,-0.07122	-0.03289,-0.06811	-0.02822,-0.06536	-0.02455,-0.06274	-0.02155,-0.05856	-0.01847,-0.05382	-0.0154,-0.04909	-0.01233,-0.04435	-0.009252,-0.03961	-0.006178,-0.03487	-0.003104,-0.03014	-3.049e-05,-0.0254	0.003043,-0.02066	0.006117,-0.01593	0.009191,-0.01119	0.01227,-0.006452	0.0151,-0.00183	0.01782,0.003117	0.02054,0.008065	0.02326,0.01301	0.02591,0.018	0.02832,0.02309	0.03074,0.02818	0.03316,0.03327	0.03557,0.03837	0.03707,0.04255	0.03906,0.04749	0.04149,0.05256	0.04421,0.0575	0.04662,0.0626	0.04904,0.06769	0.05146,0.07278	0.05362,0.07928	0.05639,0.08523	0.05925,0.09144	0.06283,0.1001	0.06692,0.1065	0.06996,0.1106	0.07301,0.1147	0.07518,0.1179	0.07855,0.1214	0.08193,0.1249	0.0853,0.1285	0.08867,0.132	0.09542,0.1358	0.1012,0.1372	0.1064,0.1385	0.1119,0.14	0.1173,0.1415	0.1228,0.143	0.1282,0.1445	0.1336,0.146	0.1391,0.1475	0.1445,0.149	0.1497,0.1508	0.155,0.1527	0.1603,0.1546	0.1656,0.1565	0.1707,0.1583	0.1746,0.1606	0.1786,0.1646	0.1826,0.1685	0.1867,0.1725	0.1907,0.1764	0.1947,0.1804	0.1987,0.1844	0.2027,0.1883	0.2068,0.1923	0.2108,0.1963	0.2148,0.2002	0.2188,0.2042	0.2229,0.2081	0.2269,0.2121	0.2308,0.2155	0.2354,0.2188	0.2399,0.2222	0.2439,0.2253	0.2476,0.2295	0.2513,0.2337	0.255,0.238	0.2588,0.2422	0.26,0.2436	0.2606,0.243	0.2609,0.2429	0.2625,0.2413	0.2653,0.239	0.267,0.2436	0.2688,0.245	0.2715,0.2451	0.2702,0.2488	0.2672,0.2528	0.2638,0.2573	0.2603,0.2618	0.2569,0.2663	0.2535,0.2707	0.25,0.2752	0.2477,0.2791	0.2461,0.2845	0.2445,0.2899	0.2428,0.2953	0.2412,0.3007	0.2395,0.3061	0.2379,0.3115	0.2363,0.3169	0.2346,0.3223	0.233,0.3277	0.2314,0.3331	0.2297,0.3385	0.2281,0.3439	0.2265,0.3494	0.2247,0.3538	0.2218,0.3572	0.2173,0.3601	0.2124,0.3631	0.2076,0.366	0.2028,0.369	0.198,0.372	0.1932,0.3749	0.1884,0.3779	0.1836,0.3808	0.1788,0.3838	0.1743,0.3865	0.1693,0.3887	0.1649,0.3901	0.1626,0.3908	0.1581,0.3906	0.1568,0.391	0.1563,0.3923	0.1557,0.3928	0.1549,0.3951	0.1563,0.3979	0.152,0.3991	0.1493,0.3991	0.148,0.3956	0.1455,0.3938	0.1439,0.3909	0.1425,0.3883	0.1403,0.3864	0.1377,0.3832	0.1356,0.3797	0.1332,0.3749	0.1285,0.3719	0.1258,0.3703	0.1232,0.3679	0.1201,0.3655	0.1156,0.3634	0.1104,0.3612	0.1052,0.3591	0.09994,0.3569	0.09489,0.3548	0.09115,0.3523	0.08772,0.3482	0.08503,0.3442	0.08291,0.339	0.0808,0.3338	0.07868,0.3286	0.07657,0.3233	0.07466,0.3184	0.07331,0.313	0.07198,0.3075	0.07064,0.302	0.06931,0.2965	0.06802,0.2912	0.06707,0.2857	0.06614,0.2801	0.06521,0.2746	0.06427,0.269	0.06334,0.2634	0.0624,0.2579	0.06147,0.2523	0.06043,0.247	0.0591,0.2415	0.05776,0.236	0.05643,0.2305	0.0551,0.225	0.05376,0.2195	0.05243,0.2141	0.05109,0.2086	0.04976,0.2031	0.04897,0.1984	0.04974,0.1933	0.05084,0.1877	0.05194,0.1822	0.05304,0.1767	0.05414,0.1711	0.05443,0.1666	0.05312,0.1623	0.05016,0.1578	0.04696,0.1531	0.04377,0.1485	0.04099,0.1441	0.03851,0.139	0.03602,0.1339	0.03353,0.1289	0.03105,0.1238	0.02856,0.1187	0.02615,0.1138	0.02334,0.109	0.02028,0.1048	0.01633,0.1037	0.01238,0.1025	0.008846,0.1013	0.004766,0.1002	0.0006697,0.09902	-0.003427,0.09785	-0.004143,0.09987	-0.005976,0.0997	-0.01051,0.09754	-0.01394,0.09684	-0.01742,0.09614	-0.01876,0.09828	-0.02072,0.1015	-0.02319,0.104	-0.02353,0.1052	-0.02399,0.104	-0.02664,0.1038	-0.02894,0.1048	-0.03374,0.1046	-0.03654,0.1034	-0.03949,0.1016	-0.04082,0.1003	-0.04334,0.09982	-0.04701,0.09931	-0.05071,0.1011	-0.05445,0.1054	-0.05652,0.1073	-0.05976,0.1076	-0.06331,0.1085	-0.06522,0.1065	-0.06954,0.1019	-0.07377,0.09774	-0.0786,0.09706	-0.08381,0.09678	-0.08389,0.0949	-0.08394,0.09381	-0.08433,0.09282	-0.08577,0.09128	-0.08754,0.09235	-0.08853,0.09524	-0.0911,0.09837	-0.09348,0.1026	-0.09374,0.1082	-0.09218,0.1137	-0.08897,0.1185	-0.0844,0.1221	-0.07906,0.1241	-0.07364,0.1261	-0.06822,0.1277	-0.0628,0.1292	-0.05781,0.1307	-0.05449,0.1335	-0.05199,0.1365	-0.0495,0.1395	-0.04701,0.1425	-0.04451,0.1455	-0.04202,0.1485	-0.04107,0.1496	-0.04176,0.1494	-0.03878,0.1528	-0.0343,0.1578	-0.03071,0.1622	-0.0279,0.1656	-0.0251,0.169	-0.02229,0.1725	-0.02002,0.1747	-0.01757,0.1782	-0.0152,0.1832	-0.01342,0.1869	-0.01297,0.1857	-0.01209,0.1859	-0.01305,0.1855	-0.01485,0.186	-0.01726,0.1874	-0.01997,0.1899	-0.02261,0.1936	-0.02316,0.1968	-0.0248,0.1995	-0.02537,0.2012	-0.02673,0.2029	-0.02952,0.205	-0.03118,0.2065	-0.03289,0.208	-0.03167,0.2093	-0.03538,0.2098	-0.03565,0.2104	-0.03881,0.2106	-0.04198,0.2107	-0.04515,0.2109	-0.0466,0.2109	-0.04482,0.2116	-0.04672,0.2124	-0.04878,0.2132	-0.05473,0.2137	-0.05745,0.2145	-0.06027,0.2153	-0.06308,0.216	-0.0659,0.2168	-0.06872,0.2175	-0.07154,0.2183	-0.07436,0.2191	-0.07717,0.2198	-0.07562,0.2208	-0.07398,0.223
8	-0.153,-0.1031	-0.1493,-0.104	-0.1439,-0.1055	-0.1384,-0.1069	-0.133,-0.1084	-0.1275,-0.1098	-0.122,-0.1113	-0.1166,-0.1128	-0.1111,-0.1142	-0.1057,-0.1157	-0.1002,-0.1171	-0.09477,-0.1186	-0.08932,-0.1201	-0.08386,-0.1215	-0.07967,-0.1233	-0.07638,-0.1264	-0.07397,-0.1309	-0.07157,-0.136	-0.06917,-0.1411	-0.06677,-0.1462	-0.06436,-0.1513	-0.06196,-0.1565	-0.06059,-0.1608	-0.06013,-0.1664	-0.0597,-0.172	-0.05926,-0.1776	-0.05883,-0.1833	-0.05839,-0.1889	-0.05795,-0.1945	-0.05752,-0.2002	-0.05708,-0.2058	-0.05665,-0.2114	-0.05621,-0.2171	-0.05578,-0.2227	-0.05534,-0.2283	-0.05491,-0.2339	-0.05447,-0.2396	-0.05399,-0.245	-0.05318,-0.2504	-0.05196,-0.2558	-0.05072,-0.2614	-0.04947,-0.2669	-0.04823,-0.2724	-0.04722,-0.2773	-0.04708,-0.2812	-0.04769,-0.2858	-0.0481,-0.2902	-0.0485,-0.2947	-0.0489,-0.2992	-0.0493,-0.3037	-0.04969,-0.3082	-0.05049,-0.3127	-0.05195,-0.3176	-0.0526,-0.3221	-0.0567,-0.3267	-0.06306,-0.3308	-0.06815,-0.3348	-0.07195,-0.3385	-0.06894,-0.3391	-0.06759,-0.3399	-0.06426,-0.3368	-0.06222,-0.3328	-0.06167,-0.3279	-0.06155,-0.3223	-0.06143,-0.3166	-0.06132,-0.311	-0.0612,-0.3053	-0.06108,-0.2997	-0.06097,-0.2941	-0.06028,-0.2896	-0.0582,-0.2844	-0.05609,-0.2791	-0.05398,-0.2739	-0.05207,-0.269	-0.05073,-0.2636	-0.0494,-0.2581	-0.04807,-0.2526	-0.04674,-0.2471	-0.0454,-0.2416	-0.04407,-0.2361	-0.04278,-0.2308	-0.04225,-0.2268	-0.04075,-0.2247	-0.03998,-0.222	-0.04,-0.2186	-0.04347,-0.2172	-0.04788,-0.2181	-0.05167,-0.2206	-0.05437,-0.2242	-0.0556,-0.2285	-0.05533,-0.2336	-0.05478,-0.2393	-0.05422,-0.2449	-0.05366,-0.2505	-0.0531,-0.2561	-0.05254,-0.2617	-0.05199,-0.2674	-0.05143,-0.273	-0.05087,-0.2786	-0.05031,-0.2842	-0.04975,-0.2898	-0.0492,-0.2955	-0.04864,-0.3011	-0.04808,-0.3067	-0.04752,-0.3123	-0.0474,-0.3171	-0.04841,-0.3224	-0.04876,-0.3278	-0.04902,-0.3334	-0.04942,-0.3384	-0.05115,-0.3426	-0.05424,-0.3459	-0.05829,-0.3478	-0.06277,-0.3482	-0.06711,-0.347	-0.07074,-0.3443	-0.07318,-0.3406	-0.07413,-0.3362	-0.07341,-0.3313	-0.07208,-0.3258	-0.0709,-0.3207	-0.07107,-0.3162	-0.07278,-0.3111	-0.07467,-0.3058	-0.07656,-0.3005	-0.07762,-0.2956	-0.07832,-0.29	-0.07902,-0.2844	-0.07972,-0.2788	-0.08042,-0.2732	-0.08112,-0.2676	-0.08171,-0.2624	-0.08099,-0.2578	-0.07926,-0.2524	-0.07759,-0.2472	-0.07551,-0.242	-0.07309,-0.2377	-0.0699,-0.233	-0.06671,-0.2283	-0.06352,-0.2237	-0.06033,-0.219	-0.05714,-0.2144	-0.05395,-0.2097	-0.05155,-0.2056	-0.05019,-0.2004	-0.04886,-0.1949	-0.04753,-0.1894	-0.04619,-0.1839	-0.04486,-0.1784	-0.0433,-0.1735	-0.04126,-0.1684	-0.03953,-0.1631	-0.0378,-0.1577	-0.03601,-0.1526	-0.0339,-0.1473	-0.03179,-0.1421	-0.02968,-0.1369	-0.02757,-0.1316	-0.02533,-0.1277	-0.02148,-0.1242	-0.01856,-0.1216	-0.01866,-0.1212	-0.01876,-0.1209	-0.01889,-0.1204	-0.01904,-0.1196	-0.01919,-0.1186	-0.01935,-0.1174	-0.01949,-0.1162	-0.01915,-0.1143	-0.01915,-0.1121	-0.01897,-0.1097	-0.01878,-0.1081	-0.01833,-0.1056	-0.01745,-0.1023	-0.01615,-0.0988	-0.01426,-0.09502	-0.01168,-0.09108	-0.008281,-0.08712	-0.004199,-0.08326	-6.918e-05,-0.0798	0.004632,-0.07675	0.009022,-0.0732	0.01341,-0.06965	0.0178,-0.06609	0.02184,-0.06276	0.02469,-0.05876	0.02754,-0.05388	0.03038,-0.049	0.03323,-0.04412	0.03607,-0.03924	0.03868,-0.03449	0.04116,-0.02942	0.04364,-0.02435	0.04613,-0.01928	0.04861,-0.0142	0.0511,-0.009133	0.05358,-0.004062	0.05568,0.0009325	0.05787,0.006133	0.06029,0.01123	0.06271,0.01632	0.06512,0.02141	0.06754,0.0265	0.07094,0.03243	0.07313,0.0379	0.07484,0.04278	0.07695,0.04802	0.07937,0.05311	0.08178,0.0582	0.0842,0.06329	0.08674,0.06696	0.08939,0.07077	0.0922,0.07402	0.09431,0.07478	0.09667,0.07739	0.09972,0.0815	0.1028,0.08562	0.1068,0.08993	0.1102,0.09346	0.1135,0.097	0.1169,0.1005	0.1203,0.1041	0.1208,0.1059	0.1239,0.1088	0.128,0.1105	0.1327,0.1107	0.1383,0.11	0.1439,0.1094	0.1495,0.1087	0.1551,0.1081	0.1607,0.1074	0.1659,0.1069	0.1715,0.107	0.1772,0.1072	0.1828,0.1073	0.1885,0.1075	0.1941,0.1076	0.1998,0.1078	0.2042,0.1085	0.2094,0.1106	0.2147,0.1128	0.2199,0.1149	0.2251,0.1171	0.2303,0.1192	0.2355,0.1214	0.2408,0.1235	0.246,0.1257	0.2512,0.1278	0.2564,0.13	0.2617,0.1322	0.2661,0.1344	0.2698,0.1377	0.2736,0.1418	0.2775,0.146	0.2813,0.1501	0.2846,0.1539	0.2863,0.158	0.2865,0.1625	0.285,0.1668	0.2821,0.1703	0.2782,0.1725	0.2738,0.1732	0.2684,0.1725	0.2629,0.1717	0.2573,0.1709	0.2517,0.17	0.2461,0.1692	0.2405,0.1684	0.2349,0.1675	0.2293,0.1667	0.2243,0.1656	0.2189,0.164	0.2135,0.1623	0.2081,0.1607	0.2027,0.1591	0.1972,0.1574	0.1918,0.1558	0.1864,0.1542	0.181,0.1526	0.1763,0.1509	0.1727,0.1483	0.1703,0.1445	0.1684,0.1392	0.1665,0.1338	0.1647,0.1285	0.1628,0.1232	0.1609,0.1178	0.1588,0.1136	0.1555,0.1091	0.1522,0.1045	0.1489,0.0999	0.1456,0.09532	0.1428,0.09117	0.1415,0.08683	0.142,0.08216	0.1433,0.07668	0.1447,0.0712	0.1465,0.06659	0.149,0.06153	0.1515,0.05647	0.154,0.05142	0.1565,0.04659	0.1594,0.04173	0.1622,0.03687	0.1651,0.032	0.168,0.02714	0.1709,0.02228	0.1737,0.01742	0.1766,0.01256	0.1795,0.007697	0.1823,0.002835	0.1852,-0.002026	0.188,-0.006727	0.1898,-0.01154	0.1916,-0.01691	0.1933,-0.02228	0.1951,-0.02764	0.1969,-0.03301	0.1986,-0.03838	0.2004,-0.04374	0.2021,-0.04911	0.2039,-0.05352	0.2073,-0.05745	0.2109,-0.06124	0.2147,-0.06357	0.2199,-0.06519	0.2254,-0.06653	0.2298,-0.06827	0.2346,-0.07112	0.2395,-0.07398	0.2444,-0.07683	0.2492,-0.07968	0.2541,-0.08254	0.259,-0.08539	0.2639,-0.08824	0.2687,-0.0911	0.2736,-0.09395	0.2783,-0.09674	0.2829,-0.09994	0.2876,-0.1031	0.2922,-0.1063	0.2969,-0.1095	0.3015,-0.1127	0.3062,-0.1159	0.3108,-0.1191	0.3155,-0.1223	0.3201,-0.1255	0.3239,-0.1285	0.3274,-0.1329	0.331,-0.1373	0.3345,-0.1417	0.338,-0.1461	0.3416,-0.1505	0.3451,-0.1548	0.3487,-0.1592	0.3522,-0.1636	0.3558,-0.168	0.3593,-0.1724	0.3629,-0.1768	0.3664,-0.1812	0.37,-0.1856	0.3735,-0.19	0.377,-0.1944	0.3806,-0.1988	0.3841,-0.2032	0.3877,-0.2076	0.3911,-0.2118	0.3901,-0.213	0.3901,-0.213	0.3901,-0.213	0.3901,-0.213	0.3901,-0.213	0.3901,-0.213	0.3901,-0.213	0.3901,-0.213	0.3901,-0.213	0.3901,-0.213	0.3898,-0.2132	0.3898,-0.2132	0.3898,-0.2132	0.3898,-0.2132	0.3898,-0.2132	0.3898,-0.2132	0.3896,-0.2136	0.3896,-0.2136	0.3896,-0.2136	0.3896,-0.2137	0.3896,-0.2137	0.3896,-0.2137	0.3896,-0.2137	0.3896,-0.2137	0.3896,-0.2137	0.3896,-0.2137	0.3896,-0.2137	0.3896,-0.2137	0.3896,-0.2137	0.3896,-0.2137	0.3896,-0.2137	0.3896,-0.2137	0.3896,-0.2137	0.3896,-0.2137	0.3896,-0.2137	0.3896,-0.2137	0.3896,-0.2137	0.3896,-0.2137	0.3896,-0.2137	0.3896,-0.2137	0.3896,-0.2137	0.3896,-0.2137	0.3896,-0.2137	0.3902,-0.213	0.391,-0.2143	0.3914,-0.2175	0.3897,-0.2205	0.388,-0.2236	0.3863,-0.2267	0.3846,-0.2298	0.3829,-0.2329	0.3823,-0.2366	0.3801,-0.2397	0.3778,-0.2429	0.3755,-0.2461	0.3732,-0.2493	0.3709,-0.2525	0.3685,-0.2557	0.3662,-0.2589	0.3639,-0.2621	0.3623,-0.2657	0.3608,-0.27	0.358,-0.2735	0.3536,-0.2765	0.3488,-0.2796	0.3441,-0.2827	0.3394,-0.2858	0.3347,-0.2889	0.33,-0.292	0.3253,-0.2951	0.3206,-0.2983	0.3165,-0.3002	0.311,-0.3015	0.3055,-0.3027	0.3,-0.3039	0.2945,-0.3052	0.289,-0.3064	0.2837,-0.3077	0.2789,-0.3096	0.2738,-0.312	0.2697,-0.3146	0.2652,-0.317	0.2601,-0.3194	0.2549,-0.3218	0.2498,-0.3242	0.246,-0.3266	0.2421,-0.3306	0.2381,-0.3347	0.2342,-0.3387	0.2303,-0.3428	0.2263,-0.3468	0.2221,-0.3495	0.2168,-0.3499	0.2121,-0.3512	0.2058,-0.3533	0.2001,-0.3565	0.1951,-0.3602	0.1906,-0.3637	0.1855,-0.3657	0.1805,-0.3676	0.1754,-0.3695	0.1704,-0.3714	0.1653,-0.3733	0.1607,-0.3755	0.1555,-0.3772	0.1503,-0.3788	0.145,-0.3804	0.1397,-0.3821	0.1344,-0.3837	0.1307,-0.3847	0.1285,-0.3836	0.1252,-0.3825	0.1237,-0.3827	0.1219,-0.3801
9	0.02024,-0.0163	0.01729,-0.0187	0.01383,-0.02224	0.01026,-0.02662	0.006694,-0.031	0.003127,-0.03538	-0.000439,-0.03976	-0.004006,-0.04413	-0.007572,-0.04851	-0.01114,-0.05289	-0.0147,-0.05727	-0.01827,-0.06165	-0.02154,-0.06574	-0.02351,-0.07024	-0.02529,-0.0756	-0.02708,-0.08096	-0.02886,-0.08632	-0.03064,-0.09168	-0.03242,-0.09704	-0.03421,-0.1024	-0.03599,-0.1078	-0.03777,-0.1131	-0.03935,-0.1183	-0.04074,-0.1238	-0.04213,-0.1292	-0.04347,-0.1345	-0.04368,-0.139	-0.04228,-0.1433	-0.03945,-0.1468	-0.03556,-0.1491	-0.03112,-0.1498	-0.0267,-0.149	-0.02288,-0.1466	-0.01988,-0.1427	-0.01686,-0.1379	-0.01384,-0.1331	-0.01371,-0.1311	-0.01264,-0.1277	-0.01232,-0.1232	-0.01371,-0.1185	-0.0158,-0.1132	-0.01788,-0.108	-0.01997,-0.1027	-0.02205,-0.09748	-0.02414,-0.09223	-0.02622,-0.08699	-0.02831,-0.08174	-0.03039,-0.07649	-0.03248,-0.07124	-0.0339,-0.06625	-0.03521,-0.06076	-0.03651,-0.05526	-0.03763,-0.04996	-0.03853,-0.04438	-0.03943,-0.03881	-0.04034,-0.03324	-0.04124,-0.02766	-0.04214,-0.02209	-0.04305,-0.01651	-0.04395,-0.01094	-0.04504,-0.00563	-0.04634,-0.0001357	-0.04765,0.005359	-0.04895,0.01085	-0.05026,0.01635	-0.05156,0.02184	-0.05287,0.02734	-0.05403,0.03244	-0.05454,0.03803	-0.05504,0.04365	-0.05554,0.04928	-0.0556,0.05405	-0.05414,0.05831	-0.05486,0.05763	-0.05239,0.05458	-0.04986,0.05153	-0.04734,0.04847	-0.04482,0.04541	-0.04425,0.04266	-0.04355,0.04123	-0.04069,0.03962	-0.03811,0.0383	-0.03564,0.03699	-0.03317,0.03568	-0.0307,0.03437	-0.03112,0.03466	-0.03185,0.03563	-0.03171,0.03641	-0.03082,0.03682	-0.02836,0.03325	-0.0256,0.02869	-0.02284,0.02414	-0.02009,0.01958	-0.01923,0.01651	-0.01905,0.01487	-0.01657,0.01071	-0.01409,0.006599	-0.01162,0.002485	-0.009104,-0.001254	-0.007823,-0.004937	-0.006545,-0.009664	-0.005425,-0.01401	-0.004506,-0.01892	-0.003586,-0.02383	-0.002667,-0.02874	-0.001747,-0.03365	-0.0008279,-0.03856	9.159e-05,-0.04347	0.001011,-0.04838	0.001931,-0.0533	0.004024,-0.05757	0.007223,-0.06251	0.008521,-0.06399	0.008896,-0.06387	0.009296,-0.06374	0.009829,-0.06359	0.01048,-0.06341	0.01171,-0.0627	0.01208,-0.06248	0.01243,-0.06254	0.01297,-0.06243	0.01316,-0.06237	0.01396,-0.0625	0.01403,-0.06248	0.01403,-0.06248	0.01403,-0.06248	0.01403,-0.06248	0.01403,-0.06248	0.01541,-0.06371	0.01729,-0.06343	0.01993,-0.06365	0.02276,-0.06387	0.02613,-0.06444	0.0301,-0.06554	0.03461,-0.06738	0.03902,-0.0699	0.04278,-0.07277	0.04681,-0.07649	0.05075,-0.08016	0.05435,-0.08637	0.05586,-0.09129	0.05733,-0.09624	0.0573,-0.09924	0.05671,-0.1003	0.05897,-0.103	0.06295,-0.1051	0.06569,-0.1108	0.0714,-0.1136	0.07854,-0.1142	0.08522,-0.1144	0.08723,-0.1147	0.08766,-0.1147	0.08944,-0.1103	0.09208,-0.1059	0.09509,-0.1011	0.09799,-0.0963	0.09993,-0.09278	0.1019,-0.08821	0.1039,-0.08353	0.1058,-0.07884	0.1067,-0.0758	0.1076,-0.07443	0.11,-0.07306	0.1135,-0.07226	0.1169,-0.07254	0.1195,-0.07463	0.1209,-0.0749	0.1226,-0.07389	0.125,-0.07397	0.1265,-0.07624	0.128,-0.07844	0.1296,-0.08064	0.1312,-0.08284	0.1328,-0.08503	0.1344,-0.08723	0.1359,-0.08943	0.1375,-0.09163	0.1386,-0.09439	0.1397,-0.09608	0.1406,-0.09769	0.1416,-0.0993	0.1411,-0.1028	0.1417,-0.1036	0.1438,-0.1018	0.1442,-0.1013	0.1424,-0.1025	0.1405,-0.1037	0.14,-0.1037	0.1386,-0.1049	0.1371,-0.1061	0.1356,-0.1073	0.1342,-0.1084	0.1327,-0.1096	0.1312,-0.1108	0.1308,-0.1115	0.1315,-0.111	0.1268,-0.1136	0.1212,-0.1187	0.1173,-0.1216	0.1136,-0.1238	0.1099,-0.126	0.1062,-0.1282	0.1025,-0.1304	0.09878,-0.1327	0.09264,-0.137	0.089,-0.1393	0.08559,-0.1413	0.08218,-0.1432	0.07878,-0.1452	0.07537,-0.1471	0.07196,-0.1491	0.06821,-0.1561	0.06528,-0.1596	0.06232,-0.1631	0.05935,-0.1666	0.05648,-0.1709	0.05355,-0.1745	0.05126,-0.1773	0.0478,-0.1808	0.04434,-0.1842	0.04088,-0.1877	0.03742,-0.1912	0.03396,-0.1946	0.03082,-0.1981	0.02807,-0.2003	0.0241,-0.2036	0.02013,-0.2069	0.01616,-0.2103	0.01219,-0.2136	0.008221,-0.2169	0.004556,-0.219	0.0006949,-0.2223	-0.003167,-0.2256	-0.007028,-0.2289	-0.01089,-0.2323	-0.01475,-0.2356	-0.01971,-0.2397	-0.02355,-0.2428	-0.0274,-0.2458	-0.03087,-0.2489	-0.03468,-0.2535	-0.0372,-0.2596	-0.03936,-0.2648	-0.04188,-0.2698	-0.04465,-0.2747	-0.04742,-0.2796	-0.04996,-0.2846	-0.05213,-0.2898	-0.05429,-0.295	-0.05639,-0.3001	-0.05781,-0.3053	-0.0592,-0.3107	-0.06059,-0.3162	-0.06198,-0.3217	-0.06337,-0.3272	-0.06476,-0.3326	-0.06615,-0.3381	-0.06754,-0.3436	-0.06893,-0.349	-0.07032,-0.3545	-0.07171,-0.36	-0.0731,-0.3655	-0.07449,-0.3709	-0.07588,-0.3764	-0.07727,-0.3819	-0.07839,-0.3872	-0.07938,-0.3927	-0.08079,-0.3982	-0.08208,-0.4037	-0.08307,-0.4092	-0.08406,-0.4148	-0.08506,-0.4203	-0.08633,-0.4258	-0.08759,-0.4311	-0.0887,-0.4355	-0.0887,-0.4355	-0.08927,-0.4354	-0.08924,-0.4354	-0.08924,-0.4354	-0.09066,-0.4352	-0.09142,-0.4352	-0.09142,-0.4352	-0.09142,-0.4352	-0.09142,-0.4352	-0.09142,-0.4352	-0.09142,-0.4352	-0.09202,-0.4351	-0.09202,-0.4351	-0.09388,-0.4351	-0.1005,-0.4355	-0.1052,-0.4373	-0.1072,-0.4401	-0.1071,-0.4402	-0.1071,-0.4402	-0.1071,-0.4402	-0.1071,-0.4402	-0.1065,-0.4404	-0.1064,-0.4404	-0.1071,-0.4418	-0.108,-0.4453	-0.1072,-0.4455	-0.1064,-0.4456	-0.107,-0.4455	-0.1074,-0.4442	-0.1047,-0.4447	-0.1011,-0.4454	-0.09799,-0.4447	-0.09586,-0.4418	-0.09369,-0.439	-0.08973,-0.4387	-0.08641,-0.4393	-0.08301,-0.44	-0.07845,-0.4389	-0.07628,-0.4394	-0.07434,-0.4397	-0.07239,-0.4401	-0.07045,-0.4405	-0.0685,-0.4408	-0.0666,-0.442	-0.06408,-0.4425	-0.06142,-0.443	-0.05929,-0.4431	-0.05721,-0.4433	-0.05513,-0.4434	-0.05299,-0.4443	-0.05032,-0.4445	-0.04748,-0.4447	-0.04464,-0.4449	-0.0418,-0.4451	-0.03896,-0.4452	-0.03611,-0.4454	-0.03327,-0.4456	-0.02997,-0.445	-0.02626,-0.4438	-0.02422,-0.4437	-0.02417,-0.4437	-0.02414,-0.444	-0.02421,-0.444	-0.02429,-0.444	-0.02437,-0.444	-0.02445,-0.444	-0.02453,-0.4439	-0.0246,-0.4439	-0.02473,-0.4441	-0.02513,-0.4441	-0.02562,-0.4441	-0.02612,-0.444	-0.02662,-0.444	-0.02712,-0.444	-0.02762,-0.4439	-0.02812,-0.4439	-0.02877,-0.4437	-0.03059,-0.4433	-0.03077,-0.444	-0.02998,-0.444	-0.02912,-0.4441	-0.02826,-0.4441	-0.0274,-0.4442	-0.02654,-0.4442	-0.02568,-0.4443	-0.02481,-0.4443	-0.02395,-0.4444	-0.02309,-0.4444	-0.02223,-0.4445	-0.02137,-0.4445	-0.02051,-0.4446	-0.01964,-0.4447	-0.01878,-0.4447	-0.01792,-0.4448	-0.01606,-0.4443	-0.01595,-0.4443	-0.01595,-0.4443	-0.01595,-0.4443	-0.01595,-0.4443	-0.01595,-0.4443	-0.01595,-0.4443	-0.01524,-0.4442	-0.01496,-0.4443	-0.01496,-0.4443	-0.01496,-0.4443	-0.01496,-0.4443	-0.01496,-0.4443	-0.01496,-0.4443	-0.01496,-0.4443	-0.01496,-0.4443	-0.01496,-0.4443	-0.01496,-0.4443	-0.01496,-0.4443	-0.01496,-0.4443	-0.01496,-0.4443	-0.01496,-0.4443	-0.01475,-0.4443	-0.014,-0.4444	-0.01336,-0.4444	-0.01207,-0.4431	-0.00876,-0.4378	-0.006887,-0.4349	-0.007374,-0.4403	-0.00783,-0.4447	-0.005908,-0.4445	-0.005497,-0.4449	-0.005497,-0.4449	-0.005035,-0.4449	-0.004806,-0.4449	-0.004209,-0.4449	-0.00368,-0.445	-0.003443,-0.445	-0.003197,-0.4449	-0.002529,-0.4451	-0.002286,-0.4451	-0.001024,-0.4451	-0.0003981,-0.4452	0.003532,-0.4459	0.004698,-0.4462	0.004524,-0.4462	0.004524,-0.4462	0.004304,-0.4462	0.004304,-0.4462	0.003997,-0.4462	0.002612,-0.4457	0.001648,-0.4454	0.001648,-0.4454	0.001648,-0.4454	0.00174,-0.4454	0.001742,-0.4454	0.0008543,-0.4452	0.0006708,-0.4452	0.0007084,-0.4452	0.0007084,-0.4452	0.0007632,-0.4452	0.0007632,-0.4452	0.0007632,-0.4452	0.0007632,-0.4452	0.0003605,-0.4452	0.001096,-0.4438	0.001867,-0.4452	0.00199,-0.4451	0.002033,-0.4451	0.002089,-0.4451	0.002089,-0.4451	0.002089,-0.4451	0.002146,-0.4451	0.002523,-0.4451	0.003185,-0.4438	0.00573,-0.4384	0.008105,-0.4329	0.01014,-0.4277	0.01186,-0.4232	0.01309,-0.4188	0.01689,-0.4155	0.01622,-0.413	0.01497,-0.4068	0.0123,-0.402	0.01058,-0.3984	0.01344,-0.3992	0.0171,-0.3993	0.01619,-0.3995	0.009472,-0.402	0.007527,-0.4047	0.006864,-0.4072	0.008628,-0.4086	0.009212,-0.4104	0.01057,-0.4117	0.0128,-0.4117	0.01498,-0.4078	0.01646,-0.4028	0.01881,-0.399	0.0228,-0.3954	0.02693,-0.3918	0.03114,-0.3887	0.036,-0.3864	0.04114,-0.3841	0.04628,-0.3817	0.05115,-0.3794	0.05611,-0.3767	0.06107,-0.374	0.06602,-0.3712	0.07098,-0.3685	0.07594,-0.3658	0.08089,-0.3631	0.08585,-0.3604
10	0.1611,0.2287	0.1601,0.2257	0.1574,0.2221	0.1535,0.2195	0.1484,0.2172	0.1432,0.2149	0.1381,0.2126	0.1329,0.2102	0.128,0.208	0.123,0.2067	0.1174,0.2055	0.1119,0.2044	0.1064,0.2032	0.101,0.2021	0.09595,0.2004	0.09065,0.1984	0.08535,0.1965	0.08005,0.1945	0.07474,0.1926	0.06944,0.1906	0.06414,0.1887	0.05884,0.1868	0.05365,0.1852	0.04822,0.1836	0.04279,0.1821	0.03736,0.1805	0.03193,0.179	0.02651,0.1774	0.02108,0.1759	0.01565,0.1743	0.01022,0.1728	0.004789,0.1712	-0.0006402,0.1696	-0.006069,0.1681	-0.0115,0.1665	-0.01693,0.165	-0.02236,0.1634	-0.02753,0.1618	-0.03283,0.1599	-0.03813,0.1579	-0.04343,0.156	-0.04874,0.154	-0.05404,0.1521	-0.05934,0.1501	-0.06464,0.1482	-0.06995,0.1463	-0.07525,0.1443	-0.07927,0.1422	-0.08226,0.1388	-0.08387,0.1346	-0.08388,0.1301	-0.08222,0.1253	-0.08015,0.12	-0.07873,0.1193	-0.07707,0.1191	-0.07602,0.1188	-0.07497,0.1185	-0.0739,0.1183	-0.07287,0.1176	-0.07164,0.1145	-0.07271,0.1116	-0.07238,0.112	-0.07541,0.1087	-0.07347,0.1102	-0.07095,0.1124	-0.06931,0.113	-0.06647,0.1147	-0.06346,0.1176	-0.0603,0.1206	-0.05778,0.12	-0.05534,0.1193	-0.05328,0.114	-0.05121,0.1087	-0.04807,0.1054	-0.04559,0.1024	-0.04307,0.09933	-0.04055,0.09628	-0.03803,0.09322	-0.03401,0.09052	-0.03101,0.08892	-0.02949,0.08738	-0.02709,0.08607	-0.02462,0.08476	-0.02215,0.08345	-0.01968,0.08214	-0.01444,0.07927	-0.008664,0.07466	-0.003745,0.06877	1.514e-05,0.06198	0.002666,0.05707	0.005423,0.05252	0.00818,0.04796	0.01094,0.04341	0.01571,0.03776	0.02116,0.0308	0.02365,0.02664	0.02612,0.02253	0.0286,0.01842	0.03081,0.014	0.03207,0.008563	0.03334,0.003836	0.03407,-0.001304	0.03499,-0.006215	0.03591,-0.01113	0.03683,-0.01604	0.03775,-0.02095	0.03867,-0.02586	0.03959,-0.03077	0.04051,-0.03568	0.04143,-0.04059	0.04325,-0.04598	0.04644,-0.05089	0.04785,-0.05268	0.04822,-0.05256	0.04862,-0.05243	0.04916,-0.05227	0.0498,-0.05209	0.05041,-0.05388	0.05184,-0.05582	0.05224,-0.05607	0.05278,-0.05596	0.05298,-0.05595	0.05396,-0.05395	0.05403,-0.05393	0.05403,-0.05393	0.05403,-0.05393	0.05403,-0.05393	0.05403,-0.05393	0.05579,-0.04831	0.05961,-0.05064	0.0626,-0.05174	0.06543,-0.05196	0.0688,-0.05253	0.07276,-0.05363	0.07727,-0.05547	0.08169,-0.05799	0.08545,-0.06086	0.08948,-0.06459	0.09309,-0.06847	0.09136,-0.07036	0.09276,-0.07516	0.09424,-0.08011	0.09739,-0.08675	0.1012,-0.09522	0.1071,-0.1016	0.1137,-0.104	0.1159,-0.1008	0.1189,-0.09472	0.1211,-0.08744	0.1222,-0.0818	0.1223,-0.08058	0.1227,-0.08062	0.1254,-0.07682	0.1297,-0.07376	0.1327,-0.06897	0.1347,-0.06413	0.1333,-0.05816	0.1352,-0.05359	0.1372,-0.04891	0.1392,-0.04422	0.1462,-0.04605	0.1522,-0.051	0.1586,-0.05797	0.1638,-0.0664	0.1667,-0.07571	0.1674,-0.08469	0.1675,-0.09108	0.1661,-0.09874	0.1644,-0.1051	0.1659,-0.1074	0.1675,-0.1096	0.1691,-0.1118	0.1706,-0.114	0.1722,-0.1162	0.1738,-0.1184	0.1754,-0.1206	0.177,-0.1228	0.179,-0.1242	0.1803,-0.1255	0.1813,-0.1271	0.1823,-0.1287	0.1846,-0.1275	0.1847,-0.129	0.1816,-0.1333	0.178,-0.1362	0.1761,-0.1374	0.1743,-0.1386	0.1716,-0.1411	0.1701,-0.1423	0.1686,-0.1435	0.1672,-0.1447	0.1657,-0.1459	0.1642,-0.1471	0.1627,-0.1483	0.1602,-0.1499	0.1547,-0.1521	0.1538,-0.1511	0.1536,-0.1487	0.1507,-0.1498	0.147,-0.152	0.1432,-0.1542	0.1395,-0.1564	0.1358,-0.1586	0.1321,-0.1608	0.1311,-0.1603	0.1279,-0.1619	0.1245,-0.1638	0.1211,-0.1658	0.1176,-0.1677	0.1142,-0.1697	0.1108,-0.1716	0.1086,-0.17	0.1057,-0.1734	0.1027,-0.1768	0.09976,-0.1803	0.09687,-0.1832	0.09395,-0.1868	0.09007,-0.1907	0.08661,-0.1941	0.08314,-0.1976	0.07968,-0.2011	0.07622,-0.2045	0.07276,-0.208	0.06903,-0.2114	0.0644,-0.2154	0.06043,-0.2187	0.05646,-0.222	0.05249,-0.2253	0.04852,-0.2286	0.04455,-0.2319	0.04045,-0.2365	0.03659,-0.2398	0.03272,-0.2431	0.02886,-0.2465	0.025,-0.2498	0.02114,-0.2531	0.0183,-0.255	0.01446,-0.258	0.01061,-0.261	0.00648,-0.2639	0.00276,-0.2656	-0.0008777,-0.2666	-0.004163,-0.2702	-0.007185,-0.275	-0.009954,-0.2798	-0.01272,-0.2847	-0.01543,-0.2892	-0.01742,-0.2939	-0.01935,-0.2992	-0.02129,-0.3045	-0.02323,-0.3098	-0.02497,-0.3148	-0.02578,-0.3201	-0.02653,-0.3257	-0.02727,-0.3313	-0.02802,-0.3369	-0.02877,-0.3425	-0.02951,-0.3481	-0.03026,-0.3537	-0.0313,-0.3585	-0.03323,-0.3638	-0.03517,-0.3691	-0.0371,-0.3744	-0.03904,-0.3797	-0.04098,-0.385	-0.04291,-0.3904	-0.04485,-0.3957	-0.04636,-0.4011	-0.04786,-0.4063	-0.04878,-0.4114	-0.04965,-0.4165	-0.05119,-0.4219	-0.05246,-0.4274	-0.054,-0.4329	-0.05555,-0.4383	-0.05558,-0.4384	-0.0557,-0.4387	-0.05653,-0.4416	-0.05653,-0.4416	-0.05578,-0.4397	-0.05569,-0.4402	-0.05608,-0.4417	-0.05608,-0.4417	-0.05608,-0.4417	-0.05608,-0.4417	-0.05608,-0.4417	-0.05667,-0.4416	-0.05667,-0.4416	-0.05709,-0.4401	-0.05818,-0.441	-0.06008,-0.4378	-0.06068,-0.4318	-0.0606,-0.4315	-0.0606,-0.4315	-0.0606,-0.4315	-0.0606,-0.4315	-0.06051,-0.4314	-0.06043,-0.4314	-0.06054,-0.4295	-0.06273,-0.425	-0.06358,-0.4232	-0.06294,-0.4232	-0.06347,-0.4231	-0.06292,-0.4253	-0.06013,-0.4258	-0.05657,-0.4265	-0.05281,-0.4292	-0.05052,-0.4355	-0.05136,-0.4408	-0.05202,-0.4421	-0.05173,-0.4433	-0.04967,-0.4455	-0.04596,-0.4479	-0.04135,-0.4482	-0.03674,-0.4485	-0.03213,-0.4488	-0.02751,-0.449	-0.0229,-0.4493	-0.01829,-0.4496	-0.01368,-0.4499	-0.008563,-0.4485	-0.00473,-0.448	-0.001931,-0.4478	0.00116,-0.449	0.005518,-0.4506	0.0102,-0.4503	0.01493,-0.4506	0.01985,-0.4503	0.02476,-0.45	0.02968,-0.4497	0.0346,-0.4494	0.03951,-0.4491	0.04443,-0.4488	0.04888,-0.4483	0.0507,-0.448	0.0524,-0.4477	0.05327,-0.4445	0.05466,-0.4442	0.0559,-0.444	0.05713,-0.4437	0.05835,-0.4435	0.05958,-0.4433	0.06185,-0.444	0.06523,-0.4451	0.06719,-0.4447	0.0691,-0.4444	0.07101,-0.444	0.07296,-0.445	0.07713,-0.4474	0.08167,-0.4495	0.08536,-0.45	0.08813,-0.4487	0.09093,-0.4474	0.09373,-0.4462	0.09653,-0.4449	0.09933,-0.4436	0.1006,-0.4412	0.1026,-0.4409	0.1058,-0.4423	0.1086,-0.4431	0.1124,-0.4418	0.1169,-0.4404	0.1214,-0.4388	0.1258,-0.4372	0.1307,-0.4372	0.1357,-0.4387	0.1388,-0.4381	0.141,-0.4365	0.1455,-0.4356	0.1481,-0.4342	0.1508,-0.4328	0.1524,-0.4311	0.1551,-0.4301	0.1559,-0.4285	0.1586,-0.4281	0.1607,-0.4275	0.1631,-0.4271	0.165,-0.4266	0.1668,-0.4261	0.1692,-0.4251	0.1742,-0.4256	0.1801,-0.4263	0.1836,-0.4249	0.1839,-0.423	0.1838,-0.4218	0.1831,-0.4206	0.1816,-0.4197	0.1809,-0.4189	0.1802,-0.4181	0.1796,-0.4172	0.1775,-0.4165	0.1791,-0.4151	0.1801,-0.4137	0.1811,-0.4126	0.1821,-0.4115	0.1822,-0.4092	0.1832,-0.4077	0.1837,-0.4057	0.1849,-0.4045	0.186,-0.4033	0.1872,-0.4021	0.1883,-0.4009	0.1895,-0.3997	0.1906,-0.3985	0.1917,-0.3972	0.1908,-0.3947	0.1872,-0.3904	0.1835,-0.3861	0.1798,-0.3818	0.1761,-0.3776	0.1724,-0.3733	0.169,-0.3699	0.1643,-0.3669	0.1596,-0.3638	0.1548,-0.3608	0.15,-0.3578	0.1453,-0.3547	0.1406,-0.3521	0.1356,-0.3494	0.1306,-0.3467	0.126,-0.3444	0.1207,-0.3424	0.1154,-0.3405	0.1101,-0.3385	0.1048,-0.3366	0.1,-0.335	0.09465,-0.3346	0.08988,-0.3346	0.08566,-0.3362	0.08228,-0.3392	0.08017,-0.3432	0.0796,-0.3478	0.07979,-0.3535	0.07999,-0.3591	0.08018,-0.3648	0.08037,-0.3704	0.08057,-0.376	0.08076,-0.3817	0.08095,-0.3873	0.08114,-0.393	0.08133,-0.3984	0.08113,-0.404	0.08111,-0.4091	0.08209,-0.4146	0.0831,-0.4201	0.08428,-0.4254	0.08569,-0.4309	0.08695,-0.4358	0.08695,-0.4358	0.08695,-0.4358	0.08695,-0.4358	0.08695,-0.4358	0.08695,-0.4358	0.08695,-0.4358	0.08695,-0.4358	0.08695,-0.4358	0.08695,-0.4358	0.08695,-0.4358	0.08695,-0.4358	0.08685,-0.436	0.08685,-0.436	0.08685,-0.436	0.08698,-0.4363	0.08746,-0.4363	0.08808,-0.4361	0.08869,-0.436	0.08931,-0.4359	0.08993,-0.4358	0.09054,-0.4357	0.09138,-0.4357	0.09239,-0.4356	0.09342,-0.4354	0.09445,-0.4352	0.09646,-0.4348	0.09876,-0.4343	0.1012,-0.4339	0.102,-0.4337	0.1008,-0.434	0.1019,-0.4337	0.1003,-0.4336	0.1014,-0.4331
11	0.1738,0.09827	0.1772,0.09735	0.1827,0.09613	0.1882,0.09492	0.1938,0.09371	0.1993,0.09249	0.2048,0.09128	0.2103,0.09007	0.2158,0.08885	0.2213,0.08764	0.2262,0.0864	0.2292,0.08638	0.2302,0.0878	0.2319,0.08952	0.2344,0.09121	0.236,0.09248	0.2376,0.09374	0.2387,0.09461	0.2404,0.096	0.2421,0.09739	0.2438,0.09878	0.2456,0.1002	0.2473,0.1016	0.249,0.1029	0.2533,0.1051	0.2551,0.106	0.2534,0.1048	0.2507,0.1009	0.2515,0.09983	0.2533,0.09981	0.2541,0.09885	0.2554,0.09961	0.2567,0.1004	0.2571,0.09945	0.2604,0.09824	0.2649,0.09633	0.2694,0.09442	0.2738,0.09263	0.2785,0.09175	0.2835,0.09046	0.2888,0.08905	0.294,0.08763	0.2996,0.08665	0.3046,0.08514	0.31,0.08386	0.3144,0.08406	0.3195,0.08268	0.3246,0.08129	0.3298,0.0799	0.3349,0.0785	0.3395,0.0775	0.3449,0.07711	0.3498,0.07774	0.3539,0.07818	0.3577,0.07789	0.3608,0.07689	0.363,0.07531	0.3643,0.07336	0.3636,0.07107	0.3639,0.06952	0.3632,0.06797	0.3605,0.06781	0.3562,0.07032	0.352,0.074	0.3479,0.07783	0.3438,0.08165	0.3397,0.08547	0.3356,0.0893	0.3315,0.09312	0.3279,0.09653	0.3242,0.1008	0.3204,0.105	0.3165,0.1096	0.312,0.1134	0.3077,0.1169	0.3028,0.1211	0.2983,0.1244	0.2939,0.1278	0.2894,0.1311	0.2873,0.1336	0.2824,0.1364	0.2779,0.1397	0.2735,0.143	0.2678,0.1491	0.2606,0.1554	0.2522,0.1609	0.2428,0.1653	0.2326,0.1684	0.2222,0.1701	0.212,0.1696	0.2023,0.1679	0.1934,0.165	0.1855,0.1609	0.1808,0.1601	0.1784,0.1633	0.1759,0.1664	0.1732,0.1684	0.1716,0.1709	0.17,0.1735	0.1684,0.1761	0.1669,0.1787	0.1653,0.1813	0.165,0.1854	0.1652,0.189	0.1654,0.1918	0.1653,0.1942	0.1653,0.1966	0.1653,0.1991	0.1669,0.2029	0.1676,0.2054	0.1684,0.2079	0.1697,0.2114	0.1703,0.2137	0.171,0.2161	0.1723,0.2195	0.1729,0.2217	0.1735,0.2239	0.1755,0.2273	0.1778,0.2302	0.1811,0.2334	0.1832,0.2357	0.1852,0.2381	0.188,0.2408	0.1903,0.2432	0.1925,0.2456	0.1947,0.248	0.197,0.2504	0.1989,0.2523	0.2012,0.2548	0.2026,0.2566	0.2048,0.2589	0.2071,0.2613	0.2094,0.2637	0.2117,0.266	0.214,0.2684	0.2169,0.271	0.2235,0.275	0.2269,0.2774	0.2301,0.2794	0.2335,0.282	0.2369,0.2847	0.2403,0.2874	0.2437,0.2901	0.2471,0.2928	0.2505,0.2954	0.2539,0.2981	0.2573,0.3008	0.2616,0.3047	0.2656,0.3081	0.2685,0.3108	0.2714,0.3134	0.2744,0.3161	0.2779,0.3188	0.2813,0.3212	0.2846,0.3236	0.2878,0.326	0.2911,0.3284	0.2944,0.3308	0.2975,0.3328	0.2989,0.3337	0.2993,0.334	0.2993,0.3341	0.2993,0.3341	0.2993,0.3341	0.2993,0.3341	0.2993,0.3341	0.2993,0.3341	0.2993,0.3341	0.2993,0.3341	0.2993,0.3341	0.3012,0.3347	0.303,0.3338	0.3054,0.3331	0.3107,0.3316	0.3132,0.3291	0.316,0.3266	0.3189,0.3241	0.3218,0.3216	0.3247,0.3191	0.3274,0.3164	0.3288,0.314	0.3281,0.3122	0.3299,0.3099	0.3317,0.3087	0.3333,0.3079	0.3349,0.307	0.3365,0.3062	0.3381,0.3046	0.3399,0.3025	0.3428,0.2994	0.3452,0.2971	0.3474,0.2946	0.3495,0.2916	0.3518,0.2884	0.3549,0.2851	0.3568,0.2828	0.3587,0.2801	0.3599,0.2772	0.3621,0.2743	0.3644,0.2704	0.3637,0.2677	0.3629,0.2665	0.3635,0.2658	0.364,0.2651	0.3644,0.2645	0.3641,0.2638	0.3644,0.2635	0.3656,0.2618	0.3682,0.2582	0.3712,0.2541	0.3742,0.25	0.3761,0.2471	0.3776,0.2444	0.3779,0.2426	0.3792,0.2403	0.3821,0.2374	0.3837,0.2344	0.3842,0.2313	0.3843,0.2299	0.3847,0.2292	0.385,0.2286	0.3856,0.2275	0.389,0.2258	0.3896,0.2249	0.3908,0.2228	0.3919,0.2207	0.3923,0.2197	0.3932,0.2183	0.3935,0.2175	0.3938,0.2167	0.3966,0.2149	0.397,0.2137	0.3975,0.2126	0.3993,0.2112	0.4001,0.2094	0.4006,0.2082	0.4011,0.207	0.4016,0.2059	0.4049,0.2032	0.4063,0.2014	0.4069,0.1997	0.4075,0.1983	0.4081,0.1967	0.4089,0.1944	0.4101,0.1918	0.4104,0.1909	0.4107,0.1901	0.411,0.1894	0.4131,0.1878	0.4139,0.1858	0.4131,0.1806	0.4128,0.1801	0.4144,0.1799	0.4142,0.1796	0.4143,0.1794	0.4143,0.1792	0.4147,0.1784	0.4147,0.1784	0.4148,0.1779	0.4142,0.1795	0.4145,0.1788	0.4148,0.1782	0.415,0.1776	0.4152,0.1771	0.4154,0.1766	0.4156,0.176	0.4182,0.1746	0.4213,0.1724	0.4158,0.1709	0.4102,0.1705	0.4052,0.1693	0.401,0.1678	0.4011,0.1683	0.4009,0.1686	0.4008,0.169	0.4009,0.1696	0.4012,0.1689	0.4017,0.168	0.4017,0.168	0.4016,0.1695	0.3995,0.1683	0.3994,0.1686	0.398,0.1684	0.3975,0.1684	0.3977,0.1689	0.3976,0.169	0.3994,0.1708	0.4037,0.1747	0.4041,0.1743	0.4033,0.1744	0.4021,0.1761	0.4019,0.1776	0.4025,0.1788	0.4067,0.1789	0.4077,0.1779	0.4086,0.1788	0.4098,0.1819	0.4084,0.1854	0.4062,0.1882	0.4049,0.1906	0.4036,0.1929	0.4027,0.1956	0.402,0.199	0.4002,0.2023	0.3984,0.2056	0.3966,0.2089	0.3947,0.2121	0.3929,0.2154	0.3911,0.2187	0.3893,0.222	0.3875,0.2253	0.3857,0.2286	0.3839,0.2319	0.3837,0.2363	0.382,0.2412	0.3793,0.2458	0.3763,0.2499	0.3733,0.2541	0.3702,0.2582	0.3672,0.2624	0.3642,0.2666	0.3617,0.2708	0.3586,0.2753	0.3556,0.2793	0.35,0.2816	0.3452,0.2835	0.3419,0.2852	0.3415,0.2856	0.3415,0.2856	0.3415,0.2856	0.3415,0.2856	0.3415,0.2856	0.3415,0.2856	0.3415,0.2856	0.3415,0.2856	0.3415,0.2856	0.3415,0.2856	0.3415,0.2856	0.3415,0.2856	0.3415,0.2856	0.3415,0.2856	0.3415,0.2856	0.3415,0.2856	0.3415,0.2856	0.3415,0.2856	0.3415,0.2856	0.3415,0.2856	0.3415,0.2856	0.3415,0.2856	0.3415,0.2856	0.3415,0.2856	0.3415,0.2856	0.3415,0.2856	0.3414,0.2856	0.341,0.2859	0.341,0.2859	0.3416,0.2863	0.3418,0.2887	0.3413,0.2929	0.3394,0.297	0.3361,0.3001	0.332,0.3019	0.3267,0.3025	0.321,0.3031	0.3154,0.3036	0.3098,0.3042	0.3042,0.3047	0.2986,0.3053	0.2929,0.3058	0.2873,0.3064	0.2826,0.3072	0.2787,0.3094	0.2758,0.3129	0.2733,0.3179	0.2708,0.323	0.2683,0.328	0.2657,0.3328	0.2629,0.3377	0.2611,0.3407	0.2611,0.3407	0.2614,0.3405	0.2615,0.3405	0.2596,0.3405	0.2612,0.3457	0.2642,0.3501	0.2656,0.3561	0.2646,0.3612	0.2621,0.3633	0.2595,0.3649	0.2569,0.3666	0.2542,0.3683	0.2516,0.3699	0.249,0.3716	0.2464,0.3732	0.244,0.3753	0.2412,0.3771	0.2383,0.3789	0.2354,0.3808	0.2325,0.3826	0.2295,0.3845	0.2266,0.3863	0.2237,0.3882	0.2209,0.3899	0.2183,0.3911	0.2168,0.3939	0.2159,0.3969	0.213,0.4029	0.2091,0.4082	0.2044,0.4131	0.1996,0.4168	0.1952,0.4189	0.1929,0.4197	0.1928,0.4168	0.1926,0.415	0.1952,0.411	0.1953,0.4079	0.1951,0.4059	0.1958,0.4038	0.1964,0.4021	0.197,0.4004	0.1975,0.3987	0.1978,0.3966	0.1985,0.3953	0.1971,0.3943	0.196,0.393	0.1941,0.3916	0.1918,0.3904	0.1899,0.389	0.1883,0.387	0.1865,0.3848	0.1856,0.382	0.1847,0.3792	0.1863,0.3738	0.1879,0.3684	0.1895,0.363	0.1911,0.3576	0.1925,0.3525	0.193,0.3472	0.1934,0.3415	0.1938,0.3359	0.1942,0.3303	0.1946,0.3246	0.195,0.319	0.1954,0.3134	0.1958,0.3077	0.1962,0.3021	0.1966,0.2965	0.1963,0.2919	0.1943,0.2874	0.1915,0.2825	0.1886,0.2785	0.1848,0.2743	0.1811,0.2701	0.1773,0.2659	0.1736,0.2616	0.1698,0.2574	0.1663,0.2535	0.1625,0.2511	0.1577,0.2501	0.1521,0.2494	0.1465,0.2487	0.1411,0.2482	0.1357,0.248	0.1313,0.2469	0.1276,0.2443	0.1251,0.2406	0.124,0.2362	0.1246,0.2317	0.1267,0.2277	0.1301,0.2248	0.1345,0.2232	0.1401,0.2221	0.1456,0.221	0.1511,0.2199	0.1567,0.2188	0.1615,0.2176	0.1655,0.2152	0.1699,0.2115	0.1742,0.2079	0.1785,0.2042	0.1828,0.2006
12	0.01525,0.3663	0.01662,0.3635	0.01972,0.3602	0.02428,0.3578	0.0294,0.3554	0.03452,0.353	0.03963,0.3506	0.04475,0.3482	0.04987,0.3459	0.05499,0.3435	0.05994,0.3412	0.06517,0.3391	0.07045,0.3371	0.07573,0.3351	0.081,0.3331	0.08578,0.3311	0.09013,0.3283	0.09461,0.3248	0.0988,0.3217	0.103,0.32	0.1081,0.3198	0.1138,0.3198	0.1194,0.3198	0.1251,0.3197	0.1307,0.3197	0.1364,0.3197	0.142,0.3197	0.1477,0.3197	0.1526,0.3201	0.1581,0.3213	0.1636,0.3225	0.1683,0.3242	0.1726,0.3255	0.1771,0.3253	0.1813,0.3234	0.1844,0.3202	0.1863,0.3161	0.1868,0.311	0.187,0.3054	0.1873,0.2997	0.1876,0.2945	0.1889,0.2893	0.1904,0.2838	0.1919,0.2784	0.1931,0.2731	0.1942,0.2675	0.1952,0.262	0.1966,0.2567	0.1981,0.2513	0.1995,0.2458	0.201,0.2404	0.2023,0.2353	0.2024,0.2302	0.2023,0.2245	0.2022,0.2189	0.202,0.2132	0.2019,0.2076	0.2017,0.202	0.2016,0.1963	0.2015,0.1907	0.2013,0.185	0.2012,0.1794	0.201,0.1737	0.2009,0.1681	0.2007,0.1624	0.2006,0.1568	0.2005,0.1511	0.1997,0.1462	0.1984,0.1408	0.197,0.1353	0.1956,0.1298	0.1943,0.1243	0.193,0.1193	0.1909,0.1141	0.1896,0.1093	0.1886,0.1037	0.188,0.09855	0.1878,0.0929	0.1877,0.08726	0.1875,0.08161	0.1874,0.07597	0.1876,0.07055	0.1878,0.06491	0.1881,0.05927	0.1889,0.0548	0.1912,0.05094	0.1948,0.04815	0.1992,0.04676	0.2048,0.04593	0.2104,0.04511	0.216,0.04428	0.2216,0.04346	0.2268,0.04275	0.2324,0.04272	0.238,0.04271	0.2437,0.0427	0.2493,0.04269	0.255,0.04268	0.2606,0.04268	0.2663,0.04267	0.2719,0.04266	0.2776,0.04265	0.2832,0.04264	0.2889,0.04263	0.2945,0.04262	0.3001,0.04262	0.3058,0.04261	0.3112,0.04254	0.3164,0.0421	0.3211,0.04044	0.3262,0.03805	0.3313,0.03566	0.3364,0.03328	0.3415,0.03089	0.3463,0.02833	0.3512,0.02558	0.3562,0.02282	0.3611,0.02007	0.3654,0.01724	0.3699,0.01381	0.3744,0.01037	0.3789,0.00694	0.3834,0.003506	0.3862,-0.0002507	0.3825,-0.008856	0.3803,-0.01976	0.3806,-0.02395	0.3806,-0.02176	0.3812,-0.02167	0.3815,-0.02158	0.3814,-0.02049	0.3812,-0.01925	0.3784,-0.01759	0.3757,-0.01578	0.3757,-0.01558	0.3754,-0.01474	0.3672,-0.01526	0.3691,-0.01845	0.3734,-0.0222	0.3776,-0.02595	0.3818,-0.0297	0.3859,-0.03332	0.3897,-0.03698	0.3948,-0.04065	0.3981,-0.04103	0.4024,-0.04097	0.4041,-0.0409	0.4069,-0.04079	0.4069,-0.04079	0.4069,-0.04079	0.4127,-0.04225	0.4186,-0.04234	0.4197,-0.04162	0.4189,-0.03961	0.4188,-0.03951	0.4209,-0.0388	0.4211,-0.03745	0.4211,-0.03643	0.4226,-0.03677	0.4226,-0.03546	0.4225,-0.03519	0.4231,-0.0336	0.4236,-0.03255	0.4303,-0.03525	0.4367,-0.03594	0.4379,-0.03389	0.4375,-0.03146	0.4372,-0.02893	0.437,-0.0269	0.4367,-0.02463	0.4363,-0.022	0.436,-0.0193	0.4357,-0.01661	0.4353,-0.0139	0.4358,-0.01133	0.4364,-0.007804	0.4359,-0.004494	0.4333,-0.001158	0.4301,0.001016	0.4296,0.003157	0.4292,0.004601	0.4288,0.006018	0.4238,0.00877	0.4214,0.01361	0.4175,0.01856	0.4168,0.02148	0.4165,0.02393	0.4161,0.0263	0.4157,0.02808	0.4153,0.02972	0.4141,0.03317	0.407,0.03846	0.3972,0.04372	0.3926,0.04583	0.3902,0.05117	0.3885,0.05587	0.3853,0.06023	0.3851,0.06386	0.3852,0.06446	0.3845,0.06826	0.3838,0.07254	0.384,0.07675	0.3831,0.0818	0.3814,0.08713	0.3779,0.09328	0.3765,0.09866	0.3752,0.104	0.3744,0.1089	0.3726,0.1135	0.3701,0.1185	0.3676,0.1236	0.3651,0.1287	0.3626,0.1338	0.3602,0.1387	0.3581,0.1438	0.356,0.1491	0.3539,0.1543	0.3518,0.1595	0.3496,0.1648	0.3475,0.17	0.3454,0.1753	0.3433,0.1805	0.3412,0.1857	0.3391,0.191	0.3369,0.1962	0.3348,0.2009	0.332,0.2058	0.3291,0.2107	0.3262,0.2152	0.323,0.2199	0.3198,0.2246	0.3173,0.2291	0.315,0.234	0.3128,0.2392	0.3107,0.2445	0.3086,0.2497	0.3065,0.2549	0.3063,0.257	0.3056,0.2577	0.305,0.2584	0.3048,0.2592	0.3066,0.2608	0.3034,0.2581	0.2998,0.2575	0.3017,0.2588	0.3017,0.2588	0.2998,0.2586	0.3006,0.259	0.3006,0.259	0.3006,0.259	0.2995,0.2591	0.2992,0.2593	0.2992,0.2593	0.2945,0.2585	0.2925,0.2583	0.2925,0.2583	0.2942,0.2587	0.2945,0.2594	0.2931,0.2593	0.2927,0.2592	0.2926,0.2594	0.2922,0.2594	0.2919,0.2597	0.2919,0.2599	0.2961,0.2631	0.2956,0.2645	0.2948,0.2651	0.2905,0.2651	0.2901,0.2653	0.2905,0.2656	0.2905,0.2656	0.2881,0.2658	0.2881,0.2658	0.2893,0.2655	0.2893,0.2655	0.2893,0.2655	0.291,0.2662	0.2943,0.2699	0.2964,0.2728	0.2962,0.2729	0.2992,0.2766	0.3014,0.2818	0.3037,0.287	0.306,0.2922	0.3082,0.2973	0.3105,0.3025	0.3128,0.3074	0.3154,0.3124	0.3157,0.3137	0.3154,0.3141	0.3155,0.3156	0.315,0.3188	0.312,0.3212	0.31,0.3231	0.3082,0.3246	0.3068,0.3257	0.3054,0.3269	0.3035,0.3285	0.3014,0.3302	0.2994,0.3319	0.2974,0.3335	0.2954,0.3351	0.2934,0.3368	0.2914,0.3385	0.2895,0.3406	0.2872,0.3425	0.2849,0.3444	0.2834,0.3476	0.281,0.3513	0.2777,0.354	0.2746,0.3565	0.2721,0.3623	0.2681,0.3673	0.2639,0.37	0.2595,0.3728	0.2553,0.3762	0.2511,0.3789	0.2469,0.3816	0.2424,0.3841	0.2375,0.3863	0.2327,0.3886	0.228,0.3908	0.2236,0.3902	0.2192,0.3923	0.2139,0.3924	0.2104,0.3927	0.208,0.3922	0.2074,0.3942	0.2072,0.3955	0.2059,0.3959	0.2044,0.3957	0.2026,0.3964	0.2003,0.3946	0.1986,0.3952	0.1969,0.3957	0.1954,0.3963	0.196,0.3961	0.1964,0.396	0.1979,0.3987	0.1989,0.3986	0.1995,0.3985	0.1996,0.3972	0.1999,0.3943	0.2016,0.3938	0.202,0.3922	0.2031,0.3913	0.2046,0.3917	0.2107,0.3957	0.217,0.4022	0.2198,0.4014	0.2203,0.4023	0.2216,0.4002	0.2231,0.4009	0.2244,0.4005	0.2245,0.4004	0.2247,0.4003	0.2246,0.4004	0.2236,0.4008	0.2224,0.3951	0.2224,0.3938	0.2215,0.3927	0.2219,0.3938	0.2222,0.3919	0.2194,0.3873	0.2181,0.3843	0.2135,0.3776	0.2062,0.3741	0.1992,0.3727	0.1976,0.3744	0.2009,0.3774	0.2057,0.3794	0.211,0.3814	0.2162,0.3834	0.2215,0.3854	0.2259,0.3867	0.2295,0.3857	0.2329,0.3835	0.236,0.3803	0.238,0.379	0.238,0.379	0.2384,0.3788	0.2384,0.3788	0.2374,0.3771	0.2354,0.3773	0.2358,0.3766	0.236,0.3775	0.2361,0.3797	0.2349,0.3837	0.2332,0.3886	0.229,0.3924	0.2243,0.3953	0.2193,0.3978	0.2153,0.3997	0.2107,0.404	0.2075,0.4087	0.2046,0.4112	0.2009,0.4105	0.1969,0.4099	0.1927,0.4093	0.1887,0.4091	0.1881,0.4078	0.1863,0.4066	0.1849,0.41	0.1855,0.4094	0.187,0.4028	0.1849,0.3978	0.1826,0.3952	0.1813,0.392	0.1814,0.3891	0.1832,0.3864	0.1868,0.3838	0.19,0.3827	0.19,0.3798	0.1899,0.3781	0.1909,0.3726	0.1895,0.3695	0.1889,0.3683	0.1899,0.3663	0.1906,0.3646	0.1912,0.3629	0.1917,0.3612	0.1925,0.3598	0.1935,0.3587	0.1942,0.3577	0.1931,0.3563	0.1912,0.355	0.1889,0.3538	0.186,0.3528	0.1837,0.3513	0.1807,0.3497	0.1783,0.3473	0.1751,0.3463	0.1701,0.3459	0.1648,0.3456	0.1594,0.3453	0.154,0.345	0.1487,0.3448	0.1434,0.3442	0.1379,0.3437	0.1325,0.3432	0.127,0.3428	0.1215,0.3423	0.116,0.3419	0.1116,0.3396	0.109,0.3381	0.107,0.3401	0.1057,0.3399	0.1054,0.3423	0.1052,0.3449	0.1051,0.3475	0.1049,0.3501	0.1048,0.3527	0.1047,0.3553	0.1045,0.3579	0.1028,0.3575	0.09733,0.3549	0.09048,0.3536	0.08585,0.3548	0.08178,0.3571	0.07959,0.3594	0.07904,0.3619	0.0807,0.3628	0.08224,0.3638	0.08379,0.3648	0.08533,0.3658	0.08622,0.3671	0.08759,0.3674	0.08895,0.3676	0.09143,0.3669	0.09299,0.367	0.09473,0.3662	0.0957,0.3658	0.09972,0.3638	0.1042,0.3626	0.1067,0.3624	0.1093,0.3621	0.1118,0.3618	0.1143,0.3615	0.1169,0.3613	0.1194,0.361	0.1219,0.3607
13	0.3582,-0.1517	0.362,-0.1519	0.3668,-0.1524	0.3705,-0.1523	0.3756,-0.1512	0.3806,-0.1497	0.3845,-0.148	0.3855,-0.1456	0.3864,-0.1432	0.3874,-0.1407	0.3884,-0.1383	0.3894,-0.1358	0.3903,-0.1334	0.3912,-0.131	0.3917,-0.1291	0.3935,-0.1228	0.3979,-0.115	0.4016,-0.1098	0.4036,-0.1075	0.4031,-0.1077	0.4031,-0.1077	0.4033,-0.108	0.4033,-0.108	0.4033,-0.108	0.4033,-0.108	0.4033,-0.108	0.4033,-0.108	0.4033,-0.108	0.4033,-0.108	0.4005,-0.1094	0.3986,-0.1108	0.3987,-0.1103	0.4003,-0.1077	0.4009,-0.1067	0.4009,-0.1067	0.4009,-0.1067	0.4016,-0.1061	0.402,-0.1062	0.402,-0.1062	0.3996,-0.1083	0.3996,-0.1083	0.3996,-0.1083	0.3996,-0.1083	0.3992,-0.1087	0.3992,-0.1087	0.4019,-0.1083	0.4024,-0.1104	0.4023,-0.111	0.4023,-0.1109	0.4023,-0.1109	0.4023,-0.1109	0.4023,-0.1109	0.4023,-0.1109	0.4023,-0.1109	0.4025,-0.1101	0.4029,-0.1087	0.4032,-0.1075	0.4007,-0.1064	0.4015,-0.105	0.4018,-0.1036	0.4023,-0.1018	0.4026,-0.1004	0.4029,-0.09933	0.4032,-0.09824	0.4035,-0.09716	0.4037,-0.09608	0.404,-0.09522	0.4042,-0.09435	0.4044,-0.0935	0.404,-0.09238	0.4051,-0.09118	0.406,-0.08945	0.4065,-0.08827	0.4064,-0.08876	0.4064,-0.08876	0.4064,-0.08875	0.4064,-0.08875	0.4064,-0.08875	0.4064,-0.08875	0.4072,-0.09151	0.4072,-0.09151	0.4072,-0.09151	0.4071,-0.08963	0.4072,-0.0893	0.4063,-0.09052	0.406,-0.09239	0.406,-0.09239	0.406,-0.09239	0.406,-0.09239	0.406,-0.09239	0.406,-0.09239	0.406,-0.09239	0.4073,-0.09497	0.4069,-0.09778	0.4068,-0.09802	0.4039,-0.09991	0.4039,-0.1	0.4039,-0.1	0.4039,-0.1	0.4048,-0.1001	0.4044,-0.1008	0.4012,-0.1035	0.4007,-0.1043	0.4007,-0.1043	0.3976,-0.1083	0.3974,-0.1087	0.3974,-0.1087	0.3974,-0.1087	0.3982,-0.1079	0.3986,-0.1075	0.3986,-0.1075	0.3986,-0.1075	0.3986,-0.1075	0.3981,-0.108	0.3981,-0.108	0.3993,-0.1074	0.3993,-0.1074	0.3993,-0.1074	0.3993,-0.1074	0.3993,-0.1074	0.3975,-0.1093	0.4003,-0.1067	0.4051,-0.105	0.4065,-0.1064	0.4062,-0.1075	0.4059,-0.1082	0.4059,-0.1084	0.4058,-0.1085	0.4058,-0.1086	0.4058,-0.1097	0.4056,-0.1102	0.4054,-0.1106	0.4052,-0.111	0.4051,-0.1114	0.4014,-0.1137	0.4006,-0.1148	0.4006,-0.1148	0.3999,-0.1156	0.3997,-0.116	0.3999,-0.1158	0.3999,-0.1158	0.3954,-0.1204	0.3928,-0.1259	0.3931,-0.1256	0.3931,-0.1256	0.3931,-0.1256	0.3931,-0.1256	0.3931,-0.1256	0.3931,-0.1256	0.3931,-0.1256	0.3931,-0.1256	0.3952,-0.1233	0.3975,-0.1241	0.3981,-0.1286	0.3971,-0.1329	0.3943,-0.137	0.3908,-0.1414	0.3872,-0.1458	0.3836,-0.1502	0.3801,-0.1546	0.3765,-0.1589	0.3729,-0.1633	0.3694,-0.1677	0.3658,-0.1721	0.3623,-0.1765	0.3588,-0.1807	0.3556,-0.1853	0.3523,-0.1899	0.3492,-0.1944	0.347,-0.1991	0.3449,-0.2043	0.3427,-0.2095	0.3406,-0.2145	0.3392,-0.2197	0.3378,-0.2252	0.3364,-0.2307	0.3351,-0.2357	0.333,-0.2409	0.3308,-0.2461	0.3286,-0.2514	0.3265,-0.2566	0.3243,-0.2618	0.3223,-0.2668	0.3205,-0.2722	0.3187,-0.2775	0.317,-0.2829	0.3152,-0.2883	0.3134,-0.2936	0.3117,-0.2988	0.3112,-0.3033	0.3118,-0.3089	0.312,-0.3136	0.3106,-0.3186	0.3088,-0.3239	0.3067,-0.3286	0.3031,-0.3309	0.3,-0.3333	0.2971,-0.3357	0.2943,-0.3381	0.2914,-0.3405	0.2885,-0.3428	0.2856,-0.3452	0.2828,-0.3476	0.2799,-0.35	0.277,-0.3523	0.2742,-0.3547	0.2713,-0.3571	0.268,-0.359	0.2656,-0.3605	0.2633,-0.362	0.261,-0.3635	0.2586,-0.3649	0.2584,-0.3651	0.2584,-0.3651	0.2584,-0.3651	0.2584,-0.3651	0.2592,-0.3677	0.258,-0.3722	0.2566,-0.3762	0.2526,-0.3788	0.2478,-0.3819	0.2427,-0.3848	0.2377,-0.3871	0.2326,-0.3896	0.2277,-0.3919	0.2228,-0.3938	0.2178,-0.3963	0.2127,-0.3987	0.2077,-0.401	0.2029,-0.4039	0.1984,-0.4058	0.1934,-0.408	0.1884,-0.4102	0.185,-0.4111	0.1805,-0.4137	0.176,-0.4164	0.1717,-0.4184	0.1657,-0.4173	0.1623,-0.4183	0.1598,-0.4191	0.1573,-0.4199	0.1549,-0.4207	0.1522,-0.4214	0.1489,-0.4226	0.1455,-0.4238	0.142,-0.4249	0.1388,-0.4269	0.1348,-0.4284	0.1307,-0.4298	0.1266,-0.4311	0.1226,-0.4324	0.1186,-0.4336	0.1149,-0.4343	0.1107,-0.4341	0.1077,-0.4346	0.1047,-0.4352	0.1016,-0.4358	0.09864,-0.4364	0.09563,-0.4369	0.09262,-0.4375	0.08962,-0.4381	0.08661,-0.4386	0.0836,-0.4392	0.0806,-0.4398	0.07759,-0.4404	0.07458,-0.4409	0.07158,-0.4415	0.06862,-0.4425	0.06535,-0.4455	0.0612,-0.4473	0.05669,-0.4474	0.05177,-0.4459	0.04645,-0.444	0.04113,-0.4421	0.03582,-0.4402	0.0305,-0.4383	0.02519,-0.4364	0.02004,-0.4345	0.01479,-0.4334	0.009451,-0.4325	0.003849,-0.4317	-0.001753,-0.431	-0.007355,-0.4303	-0.01296,-0.4296	-0.01856,-0.4289	-0.02416,-0.4282	-0.02805,-0.4264	-0.03322,-0.4196	-0.03623,-0.416	-0.03739,-0.417	-0.03966,-0.4137	-0.04026,-0.4077	-0.04113,-0.407	-0.04113,-0.407	-0.04113,-0.407	-0.04113,-0.407	-0.04282,-0.406	-0.04324,-0.4061	-0.04519,-0.4054	-0.04755,-0.4008	-0.051,-0.3985	-0.05478,-0.3979	-0.05531,-0.3978	-0.05911,-0.3981	-0.06449,-0.3979	-0.06989,-0.3974	-0.07549,-0.3966	-0.08091,-0.396	-0.08517,-0.3945	-0.08956,-0.3914	-0.09411,-0.3881	-0.09866,-0.3847	-0.1025,-0.3819	-0.1069,-0.3791	-0.111,-0.3761	-0.1156,-0.3728	-0.1201,-0.3695	-0.1247,-0.3661	-0.1292,-0.3628	-0.1338,-0.3594	-0.1383,-0.3561	-0.1429,-0.3527	-0.1471,-0.3496	-0.1507,-0.3456	-0.1544,-0.3414	-0.1581,-0.3371	-0.1619,-0.3329	-0.1656,-0.3286	-0.1677,-0.3288	-0.1689,-0.3352	-0.1709,-0.3396	-0.1733,-0.3421	-0.1714,-0.3433	-0.1659,-0.3444	-0.1615,-0.345	-0.1539,-0.3455	-0.1471,-0.3458	-0.1416,-0.3462	-0.1361,-0.3465	-0.1315,-0.3475	-0.132,-0.3524	-0.1276,-0.3527	-0.1263,-0.355	-0.1218,-0.3551	-0.1162,-0.356	-0.1079,-0.3567	-0.1019,-0.3576	-0.1023,-0.36	-0.103,-0.3623	-0.1038,-0.3647	-0.1045,-0.3671	-0.1053,-0.3695	-0.1061,-0.3718	-0.1068,-0.3742	-0.1076,-0.3766	-0.1062,-0.3773	-0.1069,-0.3784	-0.1076,-0.3794	-0.1084,-0.3805	-0.1095,-0.3818	-0.1101,-0.3829	-0.1091,-0.3826	-0.1085,-0.3848	-0.1067,-0.3868	-0.105,-0.3887	-0.1032,-0.3907	-0.1036,-0.3874	-0.1053,-0.382	-0.1069,-0.3765	-0.1087,-0.3709	-0.1105,-0.3653	-0.1124,-0.36	-0.1144,-0.3547	-0.1164,-0.3494	-0.1184,-0.3441	-0.1203,-0.3389	-0.1223,-0.3336	-0.1242,-0.3284	-0.1267,-0.3237	-0.1294,-0.3187	-0.1322,-0.3138	-0.1349,-0.3088	-0.1371,-0.3044	-0.1381,-0.2993	-0.1389,-0.2937	-0.1397,-0.2881	-0.1402,-0.2827	-0.1406,-0.2771	-0.141,-0.2715	-0.1413,-0.2658	-0.1417,-0.2602	-0.1421,-0.2546	-0.1425,-0.2489	-0.1429,-0.2433	-0.1432,-0.2377	-0.1436,-0.232	-0.1433,-0.2275	-0.1415,-0.2234	-0.1383,-0.2202	-0.1338,-0.2182	-0.1285,-0.2163	-0.1231,-0.2145	-0.1178,-0.2126	-0.1125,-0.2108	-0.1071,-0.2089	-0.1018,-0.2071	-0.09644,-0.2052	-0.09111,-0.2034	-0.08577,-0.2015	-0.08044,-0.1997	-0.0751,-0.1978	-0.06977,-0.196	-0.06443,-0.1941	-0.0591,-0.1923	-0.05376,-0.1904	-0.04842,-0.1886	-0.04309,-0.1867	-0.03831,-0.1847	-0.0333,-0.1821	-0.02829,-0.1795	-0.02328,-0.1769	-0.01826,-0.1743	-0.01325,-0.1717	-0.00824,-0.1691	-0.003617,-0.1666	-1.628e-05,-0.1633	0.003749,-0.1591	0.007514,-0.1549	0.01124,-0.1507	0.01287,-0.1511	0.01451,-0.1514	0.01679,-0.1512	0.01955,-0.1511	0.02292,-0.1509	0.02668,-0.1502	0.03078,-0.1491	0.03583,-0.1482	0.0406,-0.1469	0.04423,-0.1443	0.04783,-0.141	0.05118,-0.1369	0.05409,-0.1321	0.05686,-0.1272	0.05963,-0.1223	0.0624,-0.1174	0.06474,-0.113	0.06656,-0.1084	0.06845,-0.1036	0.07159,-0.09928	0.07254,-0.09503	0.07434,-0.0904	0.07672,-0.08565	0.07949,-0.08072	0.08226,-0.0758	0.08511,-0.07146	0.08856,-0.06699	0.09201,-0.06252	0.09546,-0.05805	0.09865,-0.0542	0.1025,-0.05178	0.1069,-0.05087	0.1125,-0.05101	0.1181,-0.05117	0.1238,-0.05134	0.1294,-0.0515	0.135,-0.05166	0.1407,-0.05182	0.1463,-0.05198	0.152,-0.05214	0.157,-0.05246	0.1612,-0.05412	0.1646,-0.05729	0.1681,-0.06171	0.1717,-0.06612	0.1752,-0.07054	0.1787,-0.07496	0.1822,-0.07938	0.1855,-0.08253	0.1903,-0.08502	0.1953,-0.08754	0.2004,-0.09007
14	-0.01544,-0.2386	-0.01167,-0.2382	-0.0069,-0.238	-0.001662,-0.2392	0.003809,-0.2406	0.00928,-0.242	0.01475,-0.2434	0.02022,-0.2448	0.02569,-0.2462	0.03117,-0.2476	0.03664,-0.249	0.04211,-0.2504	0.04758,-0.2518	0.05305,-0.2532	0.05852,-0.2546	0.06399,-0.256	0.06947,-0.2574	0.07494,-0.2588	0.08041,-0.2602	0.08588,-0.2616	0.09135,-0.263	0.09628,-0.2646	0.1015,-0.2668	0.1067,-0.2689	0.1119,-0.2711	0.1171,-0.2733	0.1223,-0.2755	0.1276,-0.2776	0.1328,-0.2798	0.1378,-0.2819	0.1424,-0.2828	0.1481,-0.283	0.1537,-0.2831	0.1586,-0.2839	0.1639,-0.2851	0.1695,-0.2861	0.1738,-0.2874	0.1773,-0.2902	0.1796,-0.2941	0.1804,-0.2985	0.1796,-0.303	0.1772,-0.3068	0.1737,-0.3096	0.169,-0.311	0.1634,-0.3122	0.1579,-0.3134	0.1524,-0.3146	0.1469,-0.3157	0.1417,-0.3168	0.1366,-0.3172	0.1316,-0.3188	0.1264,-0.3207	0.1211,-0.3227	0.1158,-0.3246	0.1105,-0.3266	0.1052,-0.3286	0.09988,-0.3305	0.09545,-0.3315	0.09057,-0.3309	0.08507,-0.3296	0.07956,-0.3284	0.07406,-0.3271	0.06855,-0.3259	0.06305,-0.3246	0.05754,-0.3233	0.05204,-0.3221	0.04653,-0.3208	0.04123,-0.3197	0.03565,-0.3188	0.03007,-0.318	0.02449,-0.3171	0.01914,-0.3162	0.01364,-0.315	0.008131,-0.3137	0.004448,-0.3127	0.0008674,-0.3117	-0.002829,-0.3097	-0.006182,-0.3091	-0.01034,-0.3084	-0.01415,-0.3077	-0.0181,-0.307	-0.02191,-0.3073	-0.02489,-0.3086	-0.02902,-0.3074	-0.03424,-0.3062	-0.03962,-0.3049	-0.04403,-0.3036	-0.04906,-0.3016	-0.05432,-0.2996	-0.05959,-0.2975	-0.06428,-0.2944	-0.06925,-0.2935	-0.07473,-0.2922	-0.08024,-0.291	-0.08574,-0.2897	-0.09086,-0.2884	-0.09546,-0.2875	-0.1004,-0.2865	-0.1057,-0.2853	-0.1111,-0.2841	-0.1164,-0.2828	-0.1215,-0.2817	-0.1259,-0.2813	-0.1314,-0.28	-0.1369,-0.2788	-0.1421,-0.2776	-0.1475,-0.2764	-0.153,-0.2751	-0.1585,-0.2739	-0.164,-0.2726	-0.1695,-0.2708	-0.1747,-0.2672	-0.1803,-0.2663	-0.1859,-0.2654	-0.1914,-0.2646	-0.197,-0.2637	-0.2017,-0.2623	-0.2065,-0.2603	-0.2119,-0.2586	-0.2168,-0.2575	-0.2224,-0.2571	-0.2274,-0.2569	-0.2317,-0.2581	-0.2367,-0.2607	-0.2416,-0.2634	-0.2466,-0.2661	-0.2515,-0.2688	-0.2562,-0.2713	-0.2605,-0.2723	-0.2657,-0.2719	-0.2713,-0.2711	-0.2768,-0.2702	-0.2824,-0.2694	-0.288,-0.2685	-0.2936,-0.2677	-0.2992,-0.2668	-0.3048,-0.2659	-0.3103,-0.2651	-0.3152,-0.2658	-0.3195,-0.2677	-0.3239,-0.2697	-0.3282,-0.2716	-0.3295,-0.2722	-0.3293,-0.2728	-0.3277,-0.2696	-0.3286,-0.2708	-0.3286,-0.2708	-0.328,-0.27	-0.328,-0.27	-0.3283,-0.2703	-0.3283,-0.2703	-0.3283,-0.2703	-0.3283,-0.2703	-0.3283,-0.2703	-0.3283,-0.2703	-0.329,-0.2693	-0.3303,-0.2675	-0.3302,-0.2652	-0.3312,-0.2639	-0.332,-0.2627	-0.3329,-0.2615	-0.3349,-0.2607	-0.3404,-0.2596	-0.3459,-0.2585	-0.3514,-0.2573	-0.3568,-0.256	-0.3621,-0.254	-0.3674,-0.252	-0.3727,-0.2499	-0.3761,-0.2471	-0.3778,-0.2442	-0.3803,-0.2396	-0.3823,-0.2361	-0.3845,-0.2321	-0.3865,-0.2285	-0.3885,-0.225	-0.3904,-0.2214	-0.3924,-0.2178	-0.3944,-0.2143	-0.3963,-0.2107	-0.3983,-0.2071	-0.4007,-0.2038	-0.4028,-0.2	-0.4044,-0.1963	-0.4071,-0.1928	-0.4087,-0.1887	-0.4085,-0.1832	-0.4088,-0.179	-0.4094,-0.1764	-0.41,-0.1749	-0.4106,-0.1733	-0.4112,-0.1718	-0.4122,-0.1703	-0.4129,-0.1684	-0.4137,-0.1665	-0.4145,-0.1646	-0.4152,-0.1627	-0.416,-0.1608	-0.4167,-0.1589	-0.4175,-0.157	-0.4182,-0.1551	-0.419,-0.1532	-0.4197,-0.1513	-0.4205,-0.1494	-0.4212,-0.1475	-0.422,-0.1456	-0.4227,-0.1437	-0.4233,-0.1419	-0.4237,-0.1406	-0.424,-0.1393	-0.4243,-0.138	-0.4247,-0.1367	-0.425,-0.1354	-0.4253,-0.1341	-0.4257,-0.1328	-0.426,-0.1315	-0.4263,-0.1305	-0.426,-0.1315	-0.4258,-0.1323	-0.4264,-0.133	-0.4262,-0.1337	-0.4261,-0.1339	-0.4261,-0.1341	-0.426,-0.1342	-0.4251,-0.135	-0.4249,-0.1358	-0.425,-0.1366	-0.4249,-0.1373	-0.4248,-0.1374	-0.4247,-0.1378	-0.4247,-0.138	-0.4246,-0.1382	-0.4246,-0.1383	-0.4243,-0.1385	-0.4224,-0.1408	-0.4213,-0.1432	-0.4207,-0.1447	-0.4201,-0.1461	-0.4196,-0.1475	-0.419,-0.1489	-0.4185,-0.1503	-0.418,-0.1516	-0.4175,-0.1528	-0.4171,-0.154	-0.4174,-0.1554	-0.417,-0.1563	-0.4169,-0.1566	-0.416,-0.1575	-0.4157,-0.1582	-0.4144,-0.1604	-0.4137,-0.1621	-0.4131,-0.1637	-0.4122,-0.1658	-0.4117,-0.1672	-0.4106,-0.1698	-0.4102,-0.1706	-0.4096,-0.1717	-0.4104,-0.1723	-0.4093,-0.1751	-0.4087,-0.1765	-0.4077,-0.179	-0.4066,-0.182	-0.4066,-0.1818	-0.4069,-0.181	-0.4072,-0.1803	-0.4075,-0.1795	-0.4078,-0.1787	-0.4081,-0.178	-0.4084,-0.1772	-0.4087,-0.1765	-0.409,-0.1757	-0.4093,-0.1749	-0.4096,-0.1742	-0.4099,-0.1734	-0.4102,-0.1726	-0.4115,-0.172	-0.4122,-0.1702	-0.413,-0.1683	-0.4137,-0.1664	-0.4145,-0.1645	-0.4152,-0.1626	-0.416,-0.1607	-0.4176,-0.1588	-0.4187,-0.1562	-0.4223,-0.1541	-0.424,-0.1533	-0.4225,-0.1527	-0.422,-0.1522	-0.422,-0.1522	-0.4241,-0.1515	-0.4242,-0.1511	-0.4243,-0.1509	-0.4243,-0.1509	-0.4255,-0.1511	-0.4277,-0.1492	-0.4283,-0.1473	-0.4285,-0.1463	-0.4287,-0.1458	-0.4288,-0.1454	-0.4289,-0.145	-0.429,-0.1447	-0.429,-0.1444	-0.4291,-0.1441	-0.4292,-0.1438	-0.4293,-0.1435	-0.4296,-0.1421	-0.4307,-0.1378	-0.432,-0.1329	-0.435,-0.1281	-0.4378,-0.1221	-0.4387,-0.1153	-0.4383,-0.1098	-0.4371,-0.104	-0.4352,-0.0983	-0.4328,-0.09301	-0.4299,-0.08832	-0.4268,-0.08437	-0.426,-0.08266	-0.4272,-0.08226	-0.4284,-0.08187	-0.4316,-0.08375	-0.433,-0.08454	-0.4339,-0.08495	-0.4353,-0.0856	-0.4369,-0.08634	-0.4393,-0.08773	-0.4407,-0.08826	-0.4421,-0.08878	-0.442,-0.08806	-0.4429,-0.08862	-0.4439,-0.08918	-0.4448,-0.08974	-0.4454,-0.09007	-0.4469,-0.09179	-0.4489,-0.09525	-0.45,-0.09857	-0.4502,-0.1015	-0.4496,-0.1039	-0.4497,-0.09934	-0.4495,-0.09155	-0.4496,-0.08776	-0.4499,-0.08528	-0.4498,-0.08114	-0.4481,-0.07432	-0.4442,-0.06724	-0.4387,-0.06142	-0.4343,-0.05741	-0.4301,-0.05428	-0.4262,-0.052	-0.4228,-0.05045	-0.4201,-0.0495	-0.4225,-0.04555	-0.4252,-0.04138	-0.4279,-0.0372	-0.4298,-0.03315	-0.4292,-0.03008	-0.4299,-0.02469	-0.4306,-0.01922	-0.4317,-0.01475	-0.4324,-0.009323	-0.4333,-0.004194	-0.4331,0.0003516	-0.4325,0.004678	-0.4349,0.008326	-0.4369,0.01221	-0.4372,0.01521	-0.4372,0.01862	-0.4372,0.02203	-0.4372,0.02544	-0.4372,0.02886	-0.4382,0.03192	-0.4382,0.03495	-0.439,0.03767	-0.439,0.0409	-0.439,0.04414	-0.439,0.04737	-0.439,0.05061	-0.439,0.05384	-0.4405,0.0574	-0.4404,0.05956	-0.4401,0.06181	-0.4398,0.06407	-0.4396,0.06632	-0.4385,0.06755	-0.436,0.06944	-0.4358,0.07126	-0.4356,0.07308	-0.4377,0.07404	-0.4375,0.07641	-0.4372,0.07861	-0.4376,0.07987	-0.4383,0.08004	-0.4382,0.08048	-0.4382,0.0805	-0.4382,0.0805	-0.4382,0.0805	-0.4382,0.0805	-0.4381,0.08115	-0.4378,0.082	-0.4382,0.08198	-0.4387,0.08248	-0.4386,0.08289	-0.4385,0.08331	-0.4384,0.08373	-0.4383,0.08416	-0.4382,0.08458	-0.4377,0.08543	-0.4376,0.08586	-0.4375,0.08615	-0.4374,0.08643	-0.4373,0.08671	-0.4373,0.08672	-0.4371,0.08767	-0.4368,0.08866	-0.4367,0.08922	-0.4365,0.08977	-0.4364,0.09023	-0.4364,0.09054	-0.4363,0.09085	-0.4362,0.09116	-0.4364,0.09155	-0.4362,0.0923	-0.4352,0.09249	-0.4334,0.09287	-0.4327,0.09304	-0.4267,0.09465	-0.421,0.0965	-0.4204,0.09957	-0.4187,0.1029	-0.4211,0.1057	-0.4207,0.1074	-0.4203,0.1084	-0.42,0.1093	-0.4196,0.1102	-0.4192,0.1112	-0.4193,0.1119	-0.4177,0.1127	-0.4171,0.1142	-0.4166,0.1157	-0.4158,0.117	-0.4153,0.1183	-0.4156,0.1203	-0.415,0.1222	-0.4143,0.1243	-0.4136,0.1261	-0.4129,0.1279	-0.4122,0.1296	-0.4124,0.1327	-0.4115,0.1351	-0.4084,0.1377	-0.4076,0.1397	-0.4068,0.1417	-0.4069,0.1452	-0.4065,0.1491	-0.4073,0.1528	-0.4065,0.1557	-0.4057,0.1586	-0.4048,0.1603	-0.4038,0.162	-0.403,0.1635	-0.4022,0.165	-0.4013,0.1666	-0.4005,0.1681	-0.3996,0.1697	-0.4017,0.1718	-0.4013,0.1728	-0.4019,0.1741	-0.4043,0.1765	-0.4026,0.1767	-0.4024,0.1772	-0.4069,0.1802	-0.4068,0.18	-0.4068,0.18	-0.4038,0.18	-0.4064,0.181	-0.4064,0.1811	-0.4018,0.1812	-0.3949,0.1825	-0.3884,0.1823	-0.3848,0.1833	-0.3829,0.1846
15	0.0604,-0.04056	0.05953,-0.03752	0.05692,-0.03363	0.05309,-0.02948	0.04926,-0.02533	0.04543,-0.02118	0.04165,-0.01713	0.04076,-0.01769	0.03986,-0.01825	0.03896,-0.0188	0.03806,-0.01936	0.03716,-0.01992	0.039,-0.01751	0.0408,-0.01303	0.04089,-0.01067	0.04033,-0.009008	0.03752,-0.007207	0.03574,-0.004669	0.03246,-0.0004594	0.02891,0.003014	0.0272,0.005995	0.02577,0.008895	0.02427,0.0119	0.02281,0.01485	0.02106,0.01808	0.01941,0.02141	0.01758,0.02468	0.01604,0.02673	0.01417,0.02647	0.01242,0.02882	0.01073,0.03137	0.00904,0.03394	0.007349,0.03651	0.005657,0.03908	0.003966,0.04165	0.002274,0.04422	0.0005827,0.04679	-0.001254,0.0497	-0.003014,0.05211	-0.004207,0.05525	-0.002799,0.05902	-0.002123,0.06131	-0.001806,0.06098	-0.005224,0.06103	-0.00895,0.06116	-0.01324,0.05922	-0.01785,0.05709	-0.02177,0.05639	-0.02415,0.05674	-0.02307,0.05954	-0.02227,0.06274	-0.02151,0.066	-0.01996,0.06831	-0.01877,0.06927	-0.01719,0.06878	-0.01615,0.06845	-0.01509,0.06818	-0.01403,0.06792	-0.01212,0.06788	-0.008667,0.06784	-0.007678,0.06919	-0.007227,0.06951	-0.007828,0.07324	-0.006003,0.07236	-0.003486,0.0746	-0.0002238,0.07738	0.001413,0.07848	0.00442,0.08138	0.007579,0.08438	0.01069,0.08736	0.0139,0.09068	0.01656,0.09564	0.01645,0.1024	0.01683,0.1097	0.01535,0.1151	0.01434,0.1206	0.01353,0.1251	0.01291,0.1307	0.0123,0.1363	0.01169,0.1418	0.01108,0.1474	0.01046,0.153	0.009851,0.1585	0.01014,0.1616	0.01011,0.1661	0.01007,0.1715	0.01004,0.1769	0.01001,0.1822	0.00983,0.1874	0.01084,0.1934	0.01321,0.2019	0.01362,0.2071	0.013,0.211	0.01301,0.2162	0.01302,0.2214	0.01314,0.2256	0.01312,0.2307	0.01311,0.2359	0.01309,0.241	0.01282,0.2458	0.01212,0.2496	0.01328,0.2549	0.01444,0.2603	0.01559,0.2657	0.01603,0.2712	0.01591,0.2768	0.0158,0.2825	0.01596,0.2876	0.01584,0.2932	0.01539,0.298	0.01347,0.303	0.01135,0.3082	0.009242,0.3135	0.007787,0.3173	0.006759,0.3214	0.005916,0.3269	0.005144,0.3299	0.004669,0.335	0.004397,0.3402	0.004124,0.3455	0.003313,0.35	0.003655,0.3553	0.003997,0.3607	0.004339,0.3661	0.004682,0.3714	0.005024,0.3768	0.005366,0.3822	0.005094,0.387	0.005617,0.3923	0.006814,0.3978	0.007631,0.4029	0.008734,0.4084	0.009836,0.414	0.01094,0.4195	0.01227,0.4215	0.01335,0.42	0.01632,0.4199	0.02288,0.4236	0.0256,0.4238	0.02773,0.4237	0.02949,0.4236	0.03124,0.4235	0.03298,0.4233	0.03472,0.4232	0.03647,0.4231	0.03586,0.421	0.03783,0.4201	0.04377,0.424	0.04808,0.4286	0.04904,0.4285	0.04989,0.4285	0.05071,0.4284	0.05153,0.4284	0.05273,0.4301	0.05316,0.4301	0.05365,0.43	0.05416,0.43	0.05466,0.43	0.05517,0.4299	0.05554,0.4289	0.05676,0.4255	0.05809,0.4229	0.06051,0.4218	0.06161,0.419	0.06586,0.4196	0.06981,0.4212	0.07167,0.4211	0.07167,0.4211	0.07103,0.4194	0.069,0.4155	0.06886,0.4153	0.06888,0.4165	0.06915,0.417	0.06787,0.4207	0.06777,0.4207	0.06765,0.4188	0.06929,0.4187	0.06929,0.4187	0.06929,0.4187	0.06929,0.4187	0.06929,0.4187	0.06835,0.4168	0.06854,0.4157	0.06881,0.4157	0.06906,0.4157	0.0693,0.4156	0.06945,0.4171	0.06945,0.4171	0.06945,0.4171	0.06984,0.4171	0.07322,0.4169	0.07856,0.4166	0.08371,0.4158	0.08885,0.4154	0.09206,0.4168	0.09682,0.4189	0.1023,0.4249	0.1062,0.4299	0.1074,0.4299	0.1077,0.4284	0.1086,0.4278	0.1094,0.4279	0.1108,0.4278	0.1105,0.428	0.1115,0.4278	0.1121,0.4296	0.1113,0.435	0.1092,0.4375	0.1046,0.4399	0.1016,0.4404	0.09762,0.4412	0.09425,0.4412	0.09071,0.4437	0.08661,0.446	0.08173,0.4482	0.0774,0.4491	0.07286,0.45	0.06832,0.4508	0.06618,0.4477	0.0643,0.4474	0.06175,0.4476	0.0592,0.4478	0.05666,0.4479	0.05411,0.4481	0.05188,0.4476	0.04976,0.4477	0.0476,0.4478	0.04542,0.448	0.04325,0.4481	0.04108,0.4483	0.03891,0.4484	0.03674,0.4485	0.03457,0.4487	0.03239,0.4488	0.03022,0.4489	0.02805,0.4491	0.0271,0.4491	0.02521,0.4492	0.02326,0.4494	0.0213,0.4495	0.01933,0.4496	0.01737,0.4497	0.01541,0.4499	0.0132,0.4506	0.009448,0.454	0.005154,0.457	0.001845,0.4588	-3.728e-06,0.4583	-0.001867,0.4576	-0.005714,0.4593	-0.006255,0.459	-0.006781,0.4588	-0.007307,0.4585	-0.007834,0.4583	-0.008361,0.458	-0.008887,0.4577	-0.01003,0.4579	-0.01315,0.4592	-0.01303,0.4596	-0.01278,0.46	-0.0117,0.4599	-0.01063,0.4599	-0.009559,0.4598	-0.008487,0.4598	-0.007414,0.4597	-0.006342,0.4597	-0.002764,0.4584	0.002497,0.4547	0.005751,0.4517	0.008015,0.4497	0.01029,0.4478	0.01256,0.4458	0.01579,0.4435	0.01806,0.4419	0.02034,0.4403	0.01992,0.44	0.01907,0.4398	0.01903,0.4391	0.01987,0.4382	0.02372,0.4377	0.02812,0.4387	0.03223,0.4414	0.03664,0.4449	0.04057,0.4452	0.04346,0.445	0.04673,0.4448	0.05031,0.4446	0.0533,0.444	0.05572,0.4439	0.05556,0.444	0.05679,0.4437	0.05859,0.4434	0.06038,0.4431	0.06218,0.4427	0.06397,0.4424	0.06359,0.4425	0.06381,0.4424	0.06483,0.4422	0.06584,0.442	0.06686,0.4418	0.06686,0.4416	0.06894,0.4415	0.0675,0.4417	0.06737,0.4422	0.06651,0.4424	0.06955,0.4434	0.07346,0.4426	0.07671,0.4416	0.08054,0.4413	0.08445,0.4405	0.08836,0.4398	0.09181,0.4391	0.09467,0.4375	0.09789,0.4369	0.1012,0.4362	0.1044,0.4356	0.1072,0.4348	0.1103,0.4348	0.1135,0.4337	0.1168,0.4327	0.1201,0.4316	0.1233,0.4306	0.1266,0.4295	0.1298,0.4285	0.1331,0.4274	0.1367,0.4279	0.1346,0.4299	0.1331,0.4304	0.1322,0.432	0.1309,0.4325	0.1298,0.4334	0.128,0.4341	0.127,0.4344	0.1253,0.435	0.1236,0.4356	0.1221,0.436	0.1227,0.4358	0.123,0.4357	0.1233,0.4337	0.1243,0.4333	0.1248,0.4332	0.125,0.433	0.1271,0.433	0.1288,0.4325	0.1303,0.432	0.1322,0.4313	0.133,0.4308	0.134,0.4271	0.1378,0.4268	0.1406,0.426	0.1408,0.426	0.1433,0.428	0.1448,0.4286	0.1454,0.4275	0.1458,0.427	0.1459,0.4269	0.146,0.429	0.1455,0.4291	0.1483,0.4316	0.1502,0.4323	0.1493,0.4312	0.149,0.4311	0.1501,0.4331	0.1485,0.4336	0.1498,0.4296	0.1519,0.4281	0.1522,0.4289	0.1522,0.4289	0.1522,0.4289	0.1542,0.4279	0.1564,0.4257	0.157,0.4202	0.1594,0.4187	0.1623,0.4174	0.1652,0.4161	0.1681,0.4148	0.1711,0.4135	0.174,0.4122	0.1769,0.4109	0.1789,0.4083	0.1795,0.4062	0.1777,0.3997	0.1771,0.3948	0.1759,0.3924	0.1714,0.3887	0.1669,0.3848	0.1632,0.381	0.1595,0.3777	0.157,0.3746	0.1554,0.3705	0.1554,0.3698	0.1585,0.3653	0.1616,0.3606	0.1647,0.3559	0.1678,0.3512	0.1708,0.3464	0.1737,0.3423	0.1777,0.3384	0.1818,0.3345	0.1858,0.3305	0.1895,0.3268	0.1929,0.3224	0.1964,0.3179	0.1998,0.3134	0.2032,0.3089	0.2066,0.3044	0.2101,0.2999	0.2135,0.2954	0.2169,0.291	0.2204,0.2865	0.2235,0.2826	0.2278,0.2797	0.2326,0.2767	0.2374,0.2737	0.2422,0.2707	0.247,0.2677	0.2517,0.2651	0.2565,0.2625	0.2613,0.2596	0.2661,0.2566	0.2709,0.2536	0.2757,0.2506	0.2805,0.2477	0.2853,0.2447	0.29,0.2417	0.2948,0.2387	0.2996,0.2357	0.3043,0.2334	0.3095,0.2312	0.3146,0.2289	0.3198,0.2267	0.325,0.2244	0.3302,0.2222	0.3354,0.2199	0.3405,0.2176	0.3457,0.2154	0.3509,0.2131	0.3561,0.2109	0.3609,0.2084	0.3657,0.2059	0.3692,0.203	0.3715,0.1991	0.3722,0.1947	0.3713,0.1903	0.3689,0.1865	0.3652,0.1838	0.3605,0.1824	0.355,0.1813	0.3494,0.1802	0.3439,0.1791	0.3384,0.178	0.3334,0.1772	0.329,0.1779	0.325,0.1801	0.3222,0.1836	0.3201,0.1886	0.3179,0.1938	0.3158,0.199	0.3138,0.2041	0.312,0.2094	0.3103,0.2148	0.3087,0.2198	0.3085,0.2247	0.3086,0.2297	0.3072,0.234	0.3044,0.2388	0.3015,0.2437	0.2988,0.2484	0.2956,0.253	0.2924,0.2577	0.2892,0.2623	0.2861,0.2668	0.2824,0.2705	0.2783,0.2743	0.2743,0.2781	0.271,0.2818	0.2686,0.2866	0.266,0.2916	0.2635,0.2967	0.261,0.3018	0.2585,0.3068
16	0.06925,0.1822	0.0726,0.1821	0.07822,0.1827	0.08322,0.1829	0.08775,0.1817	0.09291,0.1794	0.09808,0.1772	0.1032,0.1749	0.1084,0.1726	0.1136,0.1703	0.1187,0.168	0.1239,0.1657	0.1287,0.1637	0.134,0.1625	0.1395,0.1614	0.145,0.1603	0.1506,0.1592	0.1561,0.158	0.1614,0.1569	0.1668,0.1554	0.1723,0.1539	0.1777,0.1524	0.1832,0.1509	0.1886,0.1493	0.194,0.1478	0.1995,0.1463	0.2049,0.1448	0.2104,0.1433	0.2158,0.1418	0.2212,0.1403	0.2267,0.1387	0.2319,0.1373	0.2361,0.1351	0.2407,0.1318	0.2447,0.1298	0.2491,0.1279	0.2536,0.126	0.2579,0.1239	0.2624,0.1219	0.2676,0.1203	0.2729,0.1189	0.2781,0.1175	0.2837,0.1165	0.2889,0.1151	0.2943,0.1138	0.2992,0.1126	0.3047,0.1115	0.3103,0.1104	0.3158,0.1093	0.3213,0.1082	0.3238,0.1075	0.3292,0.1071	0.3351,0.1066	0.3407,0.1055	0.3462,0.1044	0.3517,0.1033	0.3571,0.1022	0.3626,0.1015	0.3682,0.1007	0.3738,0.1	0.3794,0.09932	0.3849,0.09863	0.3902,0.09863	0.3959,0.09874	0.4015,0.09884	0.4072,0.09894	0.4128,0.09905	0.4185,0.09915	0.4241,0.09925	0.4298,0.09936	0.4335,0.09943	0.4345,0.09904	0.4353,0.09745	0.4358,0.09552	0.4363,0.09359	0.4368,0.09165	0.4373,0.08972	0.4377,0.08786	0.4383,0.08649	0.4385,0.08482	0.4387,0.08313	0.4389,0.08144	0.4391,0.07975	0.4393,0.07806	0.4395,0.07637	0.4405,0.07465	0.4423,0.07193	0.4427,0.06841	0.4432,0.06487	0.4436,0.06133	0.4441,0.05779	0.4445,0.05425	0.4455,0.05067	0.4455,0.04656	0.446,0.04302	0.446,0.03909	0.4462,0.03656	0.4462,0.03494	0.4462,0.03322	0.4462,0.0315	0.4462,0.02977	0.4466,0.02721	0.4466,0.02461	0.4461,0.02165	0.4453,0.0195	0.4454,0.01907	0.4454,0.01907	0.4454,0.01907	0.4454,0.01907	0.4461,0.0212	0.4428,0.0223	0.4387,0.02303	0.4383,0.02293	0.4378,0.02319	0.4378,0.02319	0.4374,0.02326	0.4349,0.0258	0.4331,0.02723	0.4364,0.02918	0.4364,0.03018	0.4395,0.03217	0.4395,0.03221	0.4395,0.03221	0.4395,0.03314	0.4366,0.03794	0.4315,0.0434	0.4317,0.04772	0.4361,0.0503	0.4371,0.05303	0.4361,0.05429	0.4405,0.05642	0.4461,0.0595	0.4491,0.0624	0.4508,0.06457	0.4508,0.06477	0.4511,0.06255	0.4508,0.06127	0.4514,0.06028	0.4519,0.05657	0.4519,0.05639	0.4526,0.05587	0.4527,0.05486	0.4527,0.05514	0.4526,0.05571	0.4523,0.05568	0.4528,0.05463	0.4514,0.05503	0.4507,0.05501	0.4507,0.05501	0.4507,0.05501	0.4505,0.05625	0.4501,0.0599	0.45,0.0607	0.45,0.06038	0.45,0.06048	0.448,0.06155	0.4475,0.06316	0.4475,0.06417	0.4478,0.06582	0.4395,0.06627	0.4376,0.06524	0.4316,0.06244	0.4263,0.05953	0.426,0.06196	0.4258,0.06396	0.4255,0.06591	0.4252,0.06834	0.4249,0.07086	0.4249,0.07303	0.4246,0.07531	0.4243,0.07794	0.4242,0.08018	0.4239,0.08287	0.4236,0.08558	0.4241,0.09036	0.4314,0.09869	0.4375,0.1055	0.4395,0.1104	0.4409,0.1131	0.4405,0.1146	0.4402,0.1161	0.4398,0.1175	0.4396,0.1183	0.4362,0.1192	0.436,0.1197	0.4358,0.1215	0.4355,0.124	0.4351,0.1263	0.4346,0.1281	0.4327,0.1294	0.4319,0.1303	0.437,0.1301	0.4382,0.1256	0.4389,0.1214	0.4387,0.1189	0.4365,0.1203	0.4377,0.1202	0.4381,0.1233	0.4373,0.1226	0.4367,0.1264	0.4359,0.1307	0.4349,0.1336	0.4341,0.132	0.4334,0.1263	0.4347,0.1213	0.436,0.1164	0.435,0.1105	0.4338,0.1051	0.4339,0.1017	0.4343,0.1001	0.4347,0.09857	0.4351,0.09703	0.4355,0.09548	0.4359,0.09393	0.4363,0.09239	0.436,0.08961	0.4361,0.08865	0.4361,0.08865	0.4361,0.08865	0.4361,0.08865	0.4361,0.08865	0.4361,0.08865	0.4361,0.08865	0.4361,0.08865	0.4362,0.08868	0.4362,0.08868	0.4362,0.08868	0.4369,0.0886	0.4389,0.08742	0.4392,0.08513	0.4395,0.08266	0.4386,0.07902	0.4387,0.07787	0.4383,0.07929	0.4379,0.08219	0.4378,0.08301	0.4377,0.08443	0.4375,0.08596	0.437,0.08723	0.4368,0.08797	0.4366,0.08868	0.4364,0.08938	0.4363,0.09009	0.4361,0.09079	0.4356,0.09163	0.4354,0.09258	0.4352,0.09338	0.4349,0.09455	0.4345,0.09587	0.4342,0.09714	0.4339,0.09841	0.4336,0.09969	0.4332,0.101	0.4334,0.1025	0.4331,0.1036	0.4336,0.1014	0.4337,0.1003	0.433,0.1002	0.433,0.1005	0.4329,0.1008	0.4328,0.1012	0.4329,0.1007	0.4334,0.0988	0.4338,0.09736	0.4339,0.09691	0.4339,0.09691	0.4339,0.09691	0.4339,0.09697	0.4351,0.09687	0.4379,0.09433	0.4406,0.09039	0.4425,0.08621	0.4428,0.08172	0.442,0.07618	0.4412,0.07059	0.4403,0.06501	0.4395,0.05943	0.4387,0.05384	0.4378,0.04826	0.437,0.04267	0.4361,0.03709	0.4353,0.03151	0.4344,0.02592	0.4333,0.02062	0.4321,0.01511	0.4308,0.009603	0.4296,0.004095	0.4283,-0.001412	0.4271,-0.00692	0.4258,-0.01243	0.4246,-0.01794	0.4233,-0.02344	0.4226,-0.02817	0.423,-0.03376	0.4234,-0.0394	0.424,-0.04478	0.4248,-0.05038	0.4255,-0.05597	0.4259,-0.06073	0.4246,-0.06506	0.4219,-0.06867	0.4181,-0.07108	0.4137,-0.07199	0.4092,-0.07127	0.4044,-0.06896	0.3997,-0.06626	0.3948,-0.06338	0.39,-0.0605	0.3851,-0.05761	0.3803,-0.05473	0.3754,-0.05184	0.3705,-0.04896	0.3657,-0.04608	0.3608,-0.04319	0.356,-0.04031	0.3511,-0.03742	0.3466,-0.0348	0.3415,-0.03302	0.3362,-0.03125	0.3308,-0.02948	0.326,-0.0283	0.3204,-0.02773	0.3147,-0.02716	0.3091,-0.02659	0.3035,-0.02602	0.2979,-0.02544	0.2923,-0.02487	0.2867,-0.0243	0.281,-0.02373	0.2754,-0.02316	0.2698,-0.02259	0.2642,-0.02202	0.2586,-0.02145	0.2529,-0.02088	0.2473,-0.02031	0.2417,-0.01974	0.2361,-0.01917	0.2305,-0.0186	0.2258,-0.01777	0.2214,-0.01544	0.2175,-0.0121	0.2133,-0.008235	0.2092,-0.004371	0.2061,-0.0005478	0.2029,0.004113	0.1997,0.008774	0.1967,0.01328	0.1938,0.01816	0.191,0.02304	0.1883,0.02698	0.1846,0.02961	0.1803,0.03077	0.1747,0.03095	0.169,0.03111	0.1639,0.03145	0.1583,0.03242	0.1527,0.0334	0.1472,0.03438	0.1416,0.03535	0.136,0.03633	0.1305,0.0373	0.1249,0.03828	0.1194,0.03926	0.114,0.0402	0.1094,0.04199	0.1043,0.04451	0.0993,0.04704	0.09424,0.04956	0.08919,0.05209	0.08414,0.05461	0.07909,0.05714	0.07404,0.05966	0.06899,0.06219	0.06394,0.06471	0.05889,0.06724	0.05384,0.06976	0.049,0.07155	0.04506,0.07037	0.04111,0.06919	0.03683,0.06804	0.03275,0.06688	0.02865,0.06572	0.02455,0.06456	0.01778,0.05997	0.01279,0.05739	0.0112,0.05748	0.007762,0.05678	0.004284,0.05608	0.001452,0.05701	-0.0004987,0.06026	-0.001888,0.06359	-0.003396,0.06386	-0.004151,0.06243	-0.006865,0.06221	-0.009837,0.06274	-0.01184,0.06313	-0.01464,0.06195	-0.01693,0.06066	-0.02095,0.05884	-0.02378,0.05817	-0.02728,0.05709	-0.03252,0.05775	-0.03638,0.06229	-0.03936,0.06403	-0.0427,0.06431	-0.04625,0.06517	-0.04809,0.06495	-0.04579,0.06658	-0.04688,0.06795	-0.05168,0.06736	-0.0569,0.06708	-0.06303,0.06413	-0.06908,0.06308	-0.07474,0.06321	-0.08039,0.06337	-0.08603,0.06354	-0.09167,0.0637	-0.09732,0.06386	-0.103,0.06402	-0.108,0.06434	-0.1125,0.06612	-0.1176,0.06865	-0.1226,0.07117	-0.1277,0.0737	-0.1327,0.07622	-0.1378,0.07875	-0.1425,0.08137	-0.1474,0.08425	-0.1523,0.08714	-0.1571,0.09002	-0.162,0.09291	-0.1668,0.09579	-0.1717,0.09867	-0.1765,0.1016	-0.1814,0.1044	-0.1862,0.107	-0.1912,0.1095	-0.1963,0.1121	-0.2013,0.1146	-0.2059,0.1167	-0.2111,0.1177	-0.2167,0.1187	-0.2223,0.1197	-0.2278,0.1206	-0.2334,0.1216	-0.239,0.1226	-0.2445,0.1236	-0.2497,0.1244	-0.2553,0.1246	-0.2609,0.1248	-0.2666,0.1249	-0.2722,0.1251	-0.2779,0.1252	-0.2835,0.1254	-0.2892,0.1256	-0.2948,0.1257	-0.3004,0.1259	-0.3061,0.126	-0.3117,0.1262	-0.3174,0.1264	-0.323,0.1265	-0.3287,0.1267	-0.3343,0.1269	-0.3395,0.1267	-0.3451,0.126	-0.3507,0.1253	-0.3563,0.1247	-0.3619,0.124	-0.3675,0.1234	-0.3729,0.1227	-0.3785,0.1216	-0.384,0.1206	-0.3896,0.1195	-0.3951,0.1185	-0.4006,0.1174	-0.4062,0.1163	-0.4117,0.1153	-0.4169,0.1148	-0.4221,0.1144	-0.4276,0.1133	-0.4311,0.1123
17	-0.396,-0.1309	-0.397,-0.1279	-0.3998,-0.1233	-0.4029,-0.1186	-0.406,-0.1139	-0.409,-0.1091	-0.4121,-0.1044	-0.4152,-0.09965	-0.4183,-0.09491	-0.4212,-0.09033	-0.424,-0.08542	-0.4267,-0.08048	-0.4295,-0.07611	-0.4329,-0.07161	-0.4363,-0.06711	-0.4397,-0.0626	-0.4431,-0.0581	-0.4457,-0.05369	-0.4457,-0.04917	-0.4462,-0.04526	-0.4467,-0.0414	-0.4472,-0.03755	-0.4474,-0.03388	-0.4474,-0.03056	-0.4474,-0.02725	-0.4465,-0.02355	-0.4449,-0.01955	-0.4443,-0.01719	-0.4443,-0.01718	-0.4443,-0.01718	-0.4443,-0.01718	-0.4443,-0.01718	-0.4443,-0.01718	-0.4443,-0.01718	-0.4443,-0.01708	-0.4443,-0.01685	-0.4443,-0.01685	-0.4443,-0.01685	-0.4443,-0.01685	-0.4443,-0.01685	-0.4443,-0.01685	-0.4443,-0.01685	-0.4443,-0.01685	-0.4443,-0.01685	-0.4443,-0.01685	-0.4443,-0.01685	-0.4443,-0.01685	-0.4443,-0.01685	-0.4443,-0.01685	-0.4444,-0.01681	-0.4445,-0.01681	-0.4452,-0.01737	-0.4452,-0.01855	-0.4452,-0.01975	-0.4452,-0.02139	-0.4452,-0.02251	-0.445,-0.02389	-0.4451,-0.02516	-0.4451,-0.02559	-0.445,-0.02607	-0.445,-0.02655	-0.4449,-0.02703	-0.4449,-0.02751	-0.4448,-0.02799	-0.4447,-0.02847	-0.4447,-0.02895	-0.4446,-0.02943	-0.4446,-0.02991	-0.445,-0.03058	-0.4449,-0.03173	-0.4447,-0.03304	-0.4445,-0.03435	-0.4446,-0.03593	-0.4444,-0.03764	-0.4442,-0.03935	-0.444,-0.04106	-0.4438,-0.04277	-0.4424,-0.04535	-0.4419,-0.04734	-0.4428,-0.04752	-0.445,-0.04581	-0.4479,-0.04249	-0.4495,-0.0383	-0.4496,-0.03379	-0.448,-0.02957	-0.4449,-0.02604	-0.4407,-0.02254	-0.4371,-0.01859	-0.4333,-0.01438	-0.4296,-0.01017	-0.4258,-0.005954	-0.422,-0.001743	-0.4183,0.002469	-0.4145,0.00668	-0.4107,0.01089	-0.407,0.0151	-0.4032,0.01931	-0.3995,0.02353	-0.396,0.02747	-0.3929,0.03213	-0.3898,0.03684	-0.3867,0.04155	-0.3836,0.04626	-0.3816,0.05035	-0.3812,0.05484	-0.3824,0.05935	-0.3848,0.06448	-0.3871,0.06961	-0.3895,0.07474	-0.3919,0.07859	-0.396,0.08215	-0.4003,0.08581	-0.4046,0.08948	-0.4089,0.09314	-0.4125,0.09688	-0.4162,0.1011	-0.4199,0.1054	-0.4236,0.1096	-0.4274,0.1139	-0.4296,0.1163	-0.4285,0.118	-0.4284,0.1183	-0.4284,0.1183	-0.4284,0.1183	-0.4284,0.1183	-0.4284,0.1183	-0.4284,0.1183	-0.4284,0.1183	-0.4283,0.1184	-0.4284,0.1184	-0.4285,0.1183	-0.4285,0.1183	-0.4285,0.1183	-0.4285,0.1183	-0.4285,0.1183	-0.4283,0.1185	-0.4283,0.1185	-0.4283,0.1185	-0.4283,0.1185	-0.4283,0.1185	-0.4283,0.1185	-0.4283,0.1185	-0.4283,0.1185	-0.4283,0.1185	-0.4283,0.1185	-0.4283,0.1185	-0.4283,0.1185	-0.4286,0.1185	-0.4286,0.1185	-0.4289,0.1189	-0.4287,0.1196	-0.4285,0.1204	-0.4294,0.122	-0.4297,0.1248	-0.4303,0.1284	-0.4293,0.1323	-0.428,0.1356	-0.4267,0.1389	-0.4253,0.1423	-0.424,0.1456	-0.4227,0.1489	-0.4226,0.1528	-0.4202,0.1571	-0.4161,0.1607	-0.4134,0.1636	-0.4124,0.1655	-0.4132,0.1659	-0.4158,0.1648	-0.4194,0.1623	-0.422,0.1586	-0.4235,0.1537	-0.4249,0.1482	-0.4263,0.1427	-0.4277,0.1372	-0.4291,0.1318	-0.4306,0.1266	-0.4324,0.1212	-0.4332,0.1167	-0.4327,0.1114	-0.432,0.1058	-0.4314,0.1002	-0.4307,0.09456	-0.4301,0.08895	-0.4294,0.08334	-0.4288,0.07773	-0.4282,0.07212	-0.4275,0.06651	-0.4269,0.0609	-0.4262,0.0553	-0.4256,0.04969	-0.4249,0.04408	-0.4238,0.03901	-0.4223,0.03355	-0.4209,0.02809	-0.4194,0.02263	-0.418,0.01718	-0.4165,0.01172	-0.4151,0.006263	-0.4136,0.0008058	-0.4122,-0.004651	-0.4107,-0.01011	-0.4093,-0.01557	-0.4078,-0.02102	-0.4064,-0.02648	-0.4049,-0.03194	-0.4035,-0.03721	-0.4033,-0.0419	-0.4038,-0.04751	-0.4044,-0.05313	-0.405,-0.05875	-0.4056,-0.06437	-0.4061,-0.06998	-0.4067,-0.0756	-0.4073,-0.08122	-0.4079,-0.08684	-0.4085,-0.09245	-0.4091,-0.09741	-0.4088,-0.09844	-0.4086,-0.09922	-0.4071,-0.1006	-0.4069,-0.1013	-0.4069,-0.1016	-0.4068,-0.1017	-0.4068,-0.1019	-0.4075,-0.1025	-0.4073,-0.1033	-0.4063,-0.1045	-0.4061,-0.1052	-0.4049,-0.1063	-0.4039,-0.1077	-0.4038,-0.108	-0.4038,-0.1081	-0.4038,-0.1083	-0.404,-0.1084	-0.4062,-0.1096	-0.4069,-0.1117	-0.4063,-0.1132	-0.4058,-0.1146	-0.4052,-0.116	-0.4047,-0.1174	-0.4032,-0.1192	-0.4027,-0.1205	-0.4023,-0.1217	-0.4018,-0.1229	-0.3991,-0.1251	-0.3986,-0.1261	-0.3985,-0.1265	-0.399,-0.127	-0.3987,-0.1278	-0.3999,-0.1295	-0.3993,-0.1312	-0.3987,-0.1328	-0.3989,-0.1354	-0.3982,-0.1394	-0.3971,-0.142	-0.3967,-0.1428	-0.3948,-0.1447	-0.3928,-0.148	-0.3917,-0.1508	-0.3911,-0.1522	-0.3901,-0.1548	-0.3889,-0.1577	-0.3871,-0.1622	-0.3845,-0.1672	-0.3819,-0.1722	-0.3793,-0.1772	-0.3767,-0.1822	-0.3741,-0.1872	-0.3715,-0.1923	-0.3693,-0.1955	-0.3669,-0.1987	-0.3595,-0.1988	-0.3575,-0.2015	-0.3558,-0.2038	-0.3546,-0.2058	-0.354,-0.2077	-0.3498,-0.2082	-0.3473,-0.2103	-0.3458,-0.212	-0.3446,-0.2136	-0.3414,-0.2146	-0.3403,-0.2162	-0.3391,-0.2177	-0.338,-0.2192	-0.337,-0.2203	-0.3359,-0.2214	-0.3349,-0.2225	-0.3339,-0.2238	-0.3325,-0.2252	-0.3291,-0.2264	-0.3263,-0.229	-0.3256,-0.2304	-0.3246,-0.2319	-0.3235,-0.2329	-0.3229,-0.2352	-0.3218,-0.2364	-0.3184,-0.2371	-0.3157,-0.2389	-0.3096,-0.2418	-0.3093,-0.2424	-0.3085,-0.2433	-0.3078,-0.2443	-0.3027,-0.2455	-0.2986,-0.2477	-0.298,-0.25	-0.2955,-0.2517	-0.2953,-0.2526	-0.2953,-0.2526	-0.2953,-0.2526	-0.2956,-0.2528	-0.2964,-0.2553	-0.2919,-0.2582	-0.2851,-0.2632	-0.283,-0.2673	-0.2778,-0.2689	-0.2724,-0.2705	-0.2669,-0.2721	-0.2618,-0.274	-0.2561,-0.2762	-0.2509,-0.2798	-0.2467,-0.2842	-0.2413,-0.2854	-0.2357,-0.2866	-0.2302,-0.2878	-0.2255,-0.2898	-0.2201,-0.2924	-0.2146,-0.2936	-0.2091,-0.2948	-0.2037,-0.2955	-0.1982,-0.2961	-0.1926,-0.2967	-0.1871,-0.2974	-0.1819,-0.2984	-0.1764,-0.2995	-0.172,-0.3001	-0.1674,-0.3008	-0.1632,-0.3018	-0.1578,-0.3022	-0.1523,-0.3025	-0.1462,-0.3028	-0.1413,-0.3053	-0.1369,-0.3057	-0.132,-0.307	-0.1275,-0.3072	-0.1235,-0.3078	-0.1232,-0.3102	-0.1243,-0.3144	-0.1247,-0.3168	-0.1255,-0.3191	-0.1263,-0.3215	-0.127,-0.3239	-0.1278,-0.3263	-0.1285,-0.3286	-0.1293,-0.331	-0.13,-0.3334	-0.1321,-0.3362	-0.1328,-0.3373	-0.1335,-0.3384	-0.1343,-0.3394	-0.1345,-0.3403	-0.1351,-0.3414	-0.1372,-0.3435	-0.1353,-0.345	-0.1336,-0.347	-0.1318,-0.3489	-0.13,-0.3509	-0.1302,-0.3474	-0.1343,-0.3424	-0.1409,-0.3375	-0.1492,-0.3353	-0.1539,-0.3357	-0.1579,-0.3368	-0.1612,-0.3385	-0.1641,-0.3416	-0.166,-0.346	-0.1663,-0.3492	-0.166,-0.3515	-0.1657,-0.3537	-0.1655,-0.356	-0.1657,-0.3595	-0.1679,-0.3661	-0.169,-0.3702	-0.1692,-0.3715	-0.1695,-0.3728	-0.1698,-0.3741	-0.1695,-0.3726	-0.1679,-0.3696	-0.1671,-0.3698	-0.1663,-0.3699	-0.1647,-0.3678	-0.1648,-0.3682	-0.1649,-0.3687	-0.165,-0.3691	-0.1652,-0.3696	-0.1662,-0.3715	-0.1664,-0.3716	-0.1666,-0.3716	-0.1668,-0.3716	-0.167,-0.3716	-0.1675,-0.3725	-0.1676,-0.3728	-0.1678,-0.3731	-0.1684,-0.3749	-0.1685,-0.3757	-0.1685,-0.3764	-0.1686,-0.3771	-0.1686,-0.3778	-0.1687,-0.3785	-0.1677,-0.3769	-0.1675,-0.3765	-0.1685,-0.3779	-0.1695,-0.3793	-0.1715,-0.3852	-0.1722,-0.3897	-0.1727,-0.3927	-0.1724,-0.3943	-0.1732,-0.3975	-0.174,-0.4007	-0.1757,-0.4067	-0.176,-0.412	-0.1763,-0.4153	-0.1753,-0.4158	-0.1738,-0.4197	-0.1714,-0.4236	-0.1686,-0.4269	-0.1666,-0.4276	-0.165,-0.4271	-0.1635,-0.4267	-0.1597,-0.4296	-0.1572,-0.4302	-0.1551,-0.4304	-0.153,-0.4307	-0.1508,-0.4309	-0.1487,-0.4311	-0.1466,-0.4313	-0.1449,-0.4312	-0.143,-0.4319	-0.1411,-0.4327	-0.1392,-0.4335	-0.1372,-0.4342	-0.1353,-0.435	-0.134,-0.434	-0.1338,-0.4321	-0.1329,-0.4307	-0.1308,-0.4318	-0.1271,-0.4329	-0.1238,-0.434	-0.1204,-0.4351	-0.1177,-0.4356	-0.1151,-0.4361	-0.1124,-0.436	-0.111,-0.4351	-0.1093,-0.4355	-0.1076,-0.4358	-0.1057,-0.4362	-0.1033,-0.4366	-0.1012,-0.437	-0.09832,-0.4356	-0.09713,-0.4358	-0.09605,-0.436	-0.09449,-0.4363	-0.09359,-0.4364	-0.09289,-0.4364	-0.09221,-0.4365	-0.09152,-0.4365	-0.08982,-0.4377	-0.08748,-0.4363	-0.08698,-0.4364	-0.0865,-0.4364	-0.08603,-0.4364	-0.0849,-0.4336	-0.08479,-0.4336	-0.08474,-0.4336	-0.0847,-0.4336	-0.08465,-0.4336	-0.0846,-0.4336	-0.08455,-0.4336	-0.0845,-0.4336	-0.08446,-0.4336	-0.08441,-0.4336	-0.08427,-0.4326
18	0.05631,0.4212	0.05774,0.424	0.06111,0.4285	0.06452,0.433	0.06793,0.4375	0.07037,0.4399	0.07159,0.4397	0.0728,0.4394	0.07453,0.4386	0.07663,0.4382	0.07875,0.4378	0.08087,0.4376	0.08069,0.4379	0.08237,0.4376	0.08419,0.4372	0.08601,0.4369	0.08783,0.4365	0.08966,0.4362	0.09135,0.4359	0.09319,0.4355	0.09543,0.4351	0.09818,0.436	0.101,0.4356	0.1039,0.435	0.1066,0.4343	0.1091,0.434	0.1115,0.4332	0.1139,0.4324	0.1144,0.4323	0.1143,0.4323	0.1156,0.4318	0.1169,0.4314	0.1183,0.431	0.1196,0.4306	0.1218,0.4308	0.1235,0.4303	0.1253,0.4297	0.127,0.4291	0.1288,0.4286	0.1283,0.4287	0.1292,0.4289	0.1305,0.4285	0.1317,0.4281	0.133,0.4277	0.1342,0.4273	0.1354,0.4269	0.1367,0.4265	0.1379,0.4261	0.1391,0.4257	0.1404,0.4253	0.1416,0.4249	0.1428,0.4245	0.144,0.4241	0.1446,0.4237	0.1426,0.4257	0.1399,0.4253	0.1378,0.4241	0.1367,0.422	0.1369,0.4192	0.1379,0.4147	0.1387,0.4093	0.1391,0.4034	0.1401,0.3958	0.1377,0.395	0.1365,0.3932	0.1353,0.3921	0.1341,0.391	0.1347,0.3877	0.1338,0.3869	0.1335,0.3857	0.1328,0.3851	0.132,0.3845	0.1313,0.3839	0.1305,0.3834	0.1286,0.385	0.1279,0.3853	0.1276,0.3851	0.1274,0.3847	0.1298,0.382	0.1315,0.3812	0.1349,0.3801	0.1386,0.3797	0.1413,0.3806	0.144,0.3812	0.1468,0.3817	0.1495,0.3823	0.1522,0.3828	0.1546,0.382	0.1572,0.3808	0.1598,0.3796	0.1667,0.3762	0.1682,0.3741	0.1705,0.3725	0.1753,0.3714	0.1786,0.371	0.1808,0.3707	0.1818,0.3705	0.1784,0.3663	0.1753,0.3625	0.1722,0.3587	0.1683,0.3538	0.165,0.3499	0.1595,0.3463	0.1539,0.3443	0.15,0.3411	0.1462,0.3371	0.1427,0.3333	0.1397,0.3301	0.1371,0.3276	0.134,0.3235	0.1308,0.3195	0.1277,0.3155	0.1276,0.3129	0.1305,0.3076	0.1291,0.3044	0.1273,0.3027	0.1255,0.3009	0.1238,0.2991	0.122,0.2973	0.12,0.2957	0.1182,0.2939	0.1163,0.2922	0.1143,0.2905	0.115,0.2896	0.1152,0.2899	0.112,0.2885	0.1066,0.2871	0.1039,0.2852	0.1008,0.2835	0.09787,0.2817	0.09476,0.2799	0.09611,0.2805	0.0979,0.2822	0.09735,0.2814	0.09665,0.2797	0.09593,0.2781	0.09522,0.2764	0.09758,0.2762	0.1003,0.279	0.1049,0.2773	0.1104,0.2728	0.1143,0.2675	0.1165,0.2673	0.1178,0.2675	0.1182,0.271	0.1186,0.2721	0.1191,0.2731	0.1194,0.2734	0.1197,0.2735	0.1199,0.2749	0.1197,0.2735	0.1199,0.2754	0.1201,0.2773	0.1203,0.2793	0.1199,0.2774	0.1184,0.2755	0.1176,0.2753	0.1174,0.276	0.1171,0.2768	0.1169,0.2775	0.1159,0.2766	0.1147,0.276	0.1145,0.2769	0.114,0.2773	0.1134,0.2777	0.1109,0.2749	0.111,0.2752	0.1119,0.2764	0.1128,0.2776	0.1138,0.2788	0.1147,0.28	0.1157,0.2812	0.1167,0.2828	0.1186,0.2856	0.1223,0.2905	0.1253,0.2954	0.1275,0.3001	0.1277,0.2973	0.127,0.2929	0.1269,0.29	0.1269,0.2872	0.1268,0.2843	0.1281,0.2824	0.1316,0.2815	0.1349,0.2803	0.1366,0.279	0.14,0.2781	0.1435,0.2772	0.147,0.2763	0.1493,0.2718	0.1515,0.2669	0.156,0.261	0.1586,0.2556	0.1591,0.251	0.158,0.2475	0.1594,0.2478	0.1641,0.2508	0.1689,0.2538	0.1737,0.2565	0.1784,0.2594	0.1832,0.2624	0.1873,0.2642	0.1924,0.2668	0.1974,0.2695	0.2024,0.2721	0.2074,0.2747	0.2111,0.2778	0.2139,0.2805	0.2189,0.2831	0.2239,0.2857	0.229,0.2883	0.234,0.2909	0.239,0.2935	0.2441,0.2963	0.2481,0.2988	0.2528,0.301	0.2557,0.3012	0.2607,0.302	0.2662,0.3031	0.2718,0.3042	0.2773,0.3052	0.2814,0.3055	0.2825,0.3058	0.2833,0.3072	0.2857,0.3052	0.2888,0.3027	0.2937,0.3037	0.2931,0.3004	0.2914,0.2978	0.2895,0.2965	0.2908,0.2954	0.2915,0.2948	0.293,0.2936	0.2945,0.2922	0.2942,0.2912	0.2923,0.2907	0.2936,0.2886	0.2937,0.29	0.293,0.2907	0.2924,0.2914	0.292,0.2919	0.2935,0.2931	0.2959,0.2919	0.2939,0.2921	0.2949,0.2927	0.2949,0.2927	0.2938,0.2928	0.2943,0.2929	0.2943,0.2929	0.2943,0.2929	0.2931,0.293	0.2928,0.2932	0.2928,0.2932	0.2935,0.2924	0.294,0.2919	0.294,0.2919	0.2948,0.2921	0.2948,0.2928	0.2952,0.2925	0.2953,0.2924	0.2952,0.2925	0.2953,0.2925	0.295,0.2928	0.2947,0.293	0.2963,0.2958	0.2958,0.2973	0.295,0.2979	0.2957,0.2974	0.2955,0.2975	0.2959,0.2977	0.2959,0.2977	0.2965,0.2972	0.2965,0.2972	0.2952,0.2974	0.2952,0.2974	0.2952,0.2974	0.2959,0.2982	0.2945,0.3019	0.2947,0.3044	0.2946,0.3045	0.2949,0.308	0.2914,0.3119	0.288,0.3159	0.2845,0.3198	0.2795,0.3217	0.2756,0.3187	0.2763,0.3182	0.2751,0.3171	0.2755,0.3168	0.2755,0.3168	0.2768,0.3171	0.2793,0.3192	0.2815,0.3226	0.2814,0.3266	0.2797,0.3289	0.2782,0.3298	0.2768,0.3307	0.2751,0.3342	0.273,0.3361	0.271,0.3374	0.269,0.3387	0.267,0.34	0.2652,0.3419	0.261,0.3418	0.259,0.3431	0.257,0.3444	0.2551,0.3456	0.2528,0.3473	0.2493,0.3474	0.2467,0.3494	0.2438,0.3513	0.2402,0.3496	0.2369,0.349	0.2325,0.3519	0.2281,0.3546	0.2243,0.3563	0.22,0.359	0.2158,0.3617	0.2124,0.3648	0.2079,0.3674	0.2029,0.37	0.1984,0.3725	0.1935,0.3739	0.1891,0.376	0.1837,0.3761	0.1789,0.3789	0.1763,0.3785	0.1745,0.3791	0.1726,0.3789	0.1713,0.3793	0.1687,0.3797	0.1667,0.3806	0.1644,0.3819	0.1627,0.3824	0.1609,0.383	0.1595,0.3835	0.1601,0.3833	0.1604,0.3832	0.1609,0.384	0.1617,0.3857	0.1621,0.3865	0.1633,0.3849	0.1636,0.3827	0.162,0.3838	0.1612,0.3845	0.1603,0.3852	0.1594,0.386	0.159,0.3854	0.16,0.3848	0.1597,0.3874	0.1596,0.3878	0.1597,0.3884	0.1612,0.3891	0.1609,0.3874	0.161,0.3868	0.1612,0.3867	0.1606,0.3888	0.1601,0.389	0.156,0.3893	0.1524,0.3899	0.1514,0.3888	0.1511,0.3886	0.1497,0.3912	0.1475,0.3925	0.1431,0.3889	0.1398,0.3911	0.1395,0.3926	0.1395,0.3926	0.1395,0.3926	0.1371,0.3955	0.1369,0.3961	0.1352,0.3954	0.1353,0.3957	0.1352,0.3957	0.1352,0.3957	0.1352,0.3957	0.1352,0.3957	0.1348,0.397	0.1336,0.3989	0.1334,0.399	0.1303,0.401	0.1265,0.4031	0.1241,0.4048	0.1217,0.4066	0.1182,0.4077	0.117,0.4101	0.1159,0.4125	0.1147,0.4149	0.1135,0.4173	0.1123,0.4197	0.1111,0.4222	0.11,0.4246	0.1088,0.427	0.1076,0.4294	0.1064,0.4318	0.1052,0.4342	0.1041,0.4366	0.0998,0.4375	0.09415,0.4378	0.08916,0.4382	0.085,0.4399	0.08028,0.4402	0.07694,0.4408	0.07371,0.4414	0.07047,0.442	0.06724,0.4426	0.06401,0.4433	0.06101,0.4436	0.05784,0.4431	0.05593,0.4432	0.05356,0.4427	0.05142,0.4423	0.05113,0.4423	0.05089,0.4424	0.05065,0.4424	0.05042,0.4424	0.05018,0.4424	0.04995,0.4424	0.04971,0.4424	0.04948,0.4424	0.04924,0.4425	0.04802,0.4422	0.04802,0.4422	0.04802,0.4422	0.04802,0.4422	0.04791,0.4422	0.04797,0.4422	0.04804,0.4422	0.04804,0.4422	0.04817,0.4423	0.0481,0.4425	0.04787,0.4425	0.04763,0.4426	0.0474,0.4426	0.04716,0.4426	0.04692,0.4426	0.04669,0.4426	0.0464,0.4428	0.0458,0.4429	0.04514,0.4429	0.04449,0.443	0.04383,0.443	0.04318,0.443	0.04252,0.4431	0.04187,0.4431	0.04121,0.4432	0.04005,0.4429	0.03955,0.4429	0.03955,0.4429	0.03955,0.4429	0.03955,0.4429	0.03955,0.4429	0.03919,0.4428	0.03919,0.4428	0.03919,0.4428	0.03919,0.4428	0.03919,0.4428	0.0392,0.4429	0.03911,0.4431	0.03888,0.4431	0.03864,0.4431	0.03841,0.4431	0.03817,0.4432	0.03794,0.4432	0.0377,0.4432	0.03708,0.4431	0.03698,0.4431	0.03698,0.4431	0.03698,0.4431	0.03698,0.4431	0.03698,0.4431	0.03698,0.4431	0.03698,0.4431	0.03698,0.4431	0.03698,0.4431	0.03681,0.443	0.03632,0.4429	0.03632,0.4429	0.03632,0.4429	0.03632,0.4429	0.03632,0.4429
19	0.1519,-0.003458	0.155,-0.002808	0.1595,-0.003262	0.1648,-0.005075	0.1702,-0.006921	0.1755,-0.008766	0.1808,-0.01061	0.1858,-0.01267	0.191,-0.0149	0.1959,-0.01731	0.2007,-0.01982	0.2044,-0.02279	0.2081,-0.027	0.2119,-0.0312	0.2155,-0.03527	0.2196,-0.03918	0.2236,-0.0431	0.2277,-0.04702	0.2318,-0.05094	0.2358,-0.05486	0.2399,-0.05879	0.2438,-0.06258	0.2481,-0.06618	0.2524,-0.0698	0.2568,-0.07342	0.2611,-0.07704	0.2654,-0.08065	0.2698,-0.08427	0.2741,-0.08789	0.2785,-0.09151	0.2828,-0.09512	0.2871,-0.09874	0.2915,-0.1024	0.2958,-0.106	0.3001,-0.1096	0.3045,-0.1132	0.3085,-0.1165	0.3133,-0.1195	0.3181,-0.1224	0.3229,-0.1254	0.3277,-0.1283	0.3326,-0.1313	0.3374,-0.1342	0.3421,-0.1369	0.3469,-0.1395	0.351,-0.1426	0.3554,-0.1462	0.3597,-0.1498	0.364,-0.1534	0.3684,-0.157	0.3722,-0.1598	0.3766,-0.161	0.3811,-0.1606	0.3858,-0.1586	0.3894,-0.1572	0.3897,-0.1559	0.39,-0.1547	0.3945,-0.1535	0.3957,-0.1522	0.396,-0.1508	0.3973,-0.149	0.3976,-0.1476	0.3979,-0.1465	0.3982,-0.1454	0.3985,-0.1443	0.3987,-0.1432	0.3996,-0.1419	0.3998,-0.141	0.4,-0.1402	0.401,-0.1395	0.4031,-0.1384	0.4033,-0.1369	0.406,-0.1353	0.41,-0.1332	0.4151,-0.1325	0.4183,-0.1322	0.4183,-0.1322	0.4183,-0.1322	0.4183,-0.1322	0.4205,-0.1316	0.4205,-0.1316	0.4205,-0.1316	0.4173,-0.1306	0.4169,-0.1298	0.4177,-0.1289	0.4212,-0.129	0.4221,-0.129	0.4221,-0.129	0.4221,-0.129	0.4221,-0.129	0.4221,-0.129	0.4221,-0.129	0.4248,-0.1289	0.426,-0.1279	0.4259,-0.1282	0.4265,-0.129	0.4264,-0.1291	0.4264,-0.1291	0.4264,-0.1291	0.4259,-0.1295	0.4258,-0.1299	0.4261,-0.1286	0.4261,-0.1287	0.4261,-0.1287	0.4266,-0.1265	0.4266,-0.1265	0.4266,-0.1265	0.4266,-0.1265	0.4263,-0.1273	0.4261,-0.1274	0.4261,-0.1274	0.4261,-0.1274	0.4261,-0.1274	0.4262,-0.1274	0.4262,-0.1274	0.4259,-0.1277	0.4259,-0.1277	0.4259,-0.1277	0.4259,-0.1277	0.4259,-0.1277	0.4262,-0.1281	0.4254,-0.1312	0.4242,-0.1357	0.4238,-0.138	0.4235,-0.1391	0.4233,-0.1398	0.4233,-0.14	0.4232,-0.1401	0.4231,-0.1402	0.4229,-0.141	0.4227,-0.1415	0.4225,-0.1419	0.4223,-0.1423	0.4222,-0.1427	0.4226,-0.1417	0.4225,-0.1418	0.4225,-0.1418	0.4231,-0.1418	0.4231,-0.1421	0.4227,-0.1422	0.4227,-0.1422	0.4234,-0.1398	0.4242,-0.1375	0.4242,-0.1379	0.4242,-0.1379	0.4242,-0.1379	0.4242,-0.1379	0.4242,-0.1379	0.4242,-0.1379	0.4242,-0.1379	0.4242,-0.1379	0.4244,-0.141	0.4241,-0.1422	0.4255,-0.1402	0.4288,-0.1374	0.4302,-0.133	0.4314,-0.1286	0.431,-0.1234	0.4314,-0.1193	0.4323,-0.116	0.4331,-0.1127	0.4339,-0.1095	0.4344,-0.106	0.4336,-0.1014	0.4336,-0.09917	0.4337,-0.09891	0.4337,-0.09871	0.4337,-0.09761	0.4337,-0.0974	0.4337,-0.0974	0.4337,-0.0974	0.4337,-0.0974	0.4337,-0.0974	0.4337,-0.0974	0.4337,-0.0974	0.434,-0.09765	0.4349,-0.09711	0.4364,-0.09574	0.4396,-0.09325	0.4416,-0.08927	0.4422,-0.08493	0.4427,-0.08058	0.4433,-0.07623	0.4438,-0.07188	0.4444,-0.06754	0.4444,-0.06298	0.4426,-0.05776	0.4415,-0.0537	0.4414,-0.05138	0.4422,-0.05117	0.4438,-0.05313	0.4458,-0.05691	0.4466,-0.06135	0.4462,-0.06695	0.4458,-0.07258	0.4455,-0.07821	0.445,-0.08378	0.4436,-0.0889	0.4423,-0.09403	0.4392,-0.09889	0.4373,-0.1036	0.4362,-0.1079	0.4351,-0.1121	0.434,-0.1163	0.4329,-0.1206	0.4319,-0.1248	0.4308,-0.1291	0.4295,-0.133	0.4281,-0.1366	0.4267,-0.1402	0.4252,-0.1438	0.4238,-0.1474	0.4224,-0.151	0.421,-0.1546	0.4196,-0.1582	0.4181,-0.1618	0.4167,-0.1654	0.4153,-0.1689	0.4146,-0.1728	0.4144,-0.1777	0.413,-0.1829	0.4114,-0.1874	0.4095,-0.1917	0.4064,-0.1964	0.4033,-0.2011	0.4003,-0.2059	0.3972,-0.2106	0.3941,-0.2154	0.3911,-0.2201	0.388,-0.2249	0.3849,-0.2296	0.382,-0.2342	0.3793,-0.2391	0.3766,-0.2441	0.3739,-0.249	0.3712,-0.254	0.3685,-0.2589	0.3658,-0.2639	0.363,-0.2688	0.3603,-0.2737	0.3571,-0.2781	0.3538,-0.2824	0.3503,-0.2861	0.3463,-0.2895	0.3419,-0.2924	0.3387,-0.2957	0.3357,-0.299	0.3327,-0.3022	0.3297,-0.3054	0.3267,-0.3086	0.3237,-0.3118	0.3207,-0.315	0.3176,-0.3182	0.3146,-0.3214	0.3119,-0.3246	0.3087,-0.3273	0.3054,-0.3299	0.3022,-0.3326	0.299,-0.3353	0.2952,-0.3376	0.2922,-0.3401	0.2892,-0.3426	0.2863,-0.3451	0.2833,-0.3476	0.2803,-0.35	0.2773,-0.3525	0.2743,-0.355	0.2713,-0.3574	0.2679,-0.3593	0.2654,-0.3609	0.2629,-0.3625	0.2604,-0.3641	0.2579,-0.3657	0.2554,-0.3673	0.2529,-0.3688	0.2504,-0.3704	0.2479,-0.372	0.2454,-0.3736	0.2434,-0.3761	0.2403,-0.378	0.2373,-0.38	0.2349,-0.3836	0.231,-0.386	0.2272,-0.3884	0.2239,-0.3918	0.2197,-0.3938	0.2155,-0.3958	0.2113,-0.3977	0.2076,-0.4002	0.2032,-0.4028	0.1986,-0.4051	0.194,-0.4072	0.1894,-0.4094	0.1848,-0.4116	0.1802,-0.4137	0.1756,-0.4159	0.1711,-0.4175	0.1667,-0.419	0.1622,-0.4204	0.1581,-0.423	0.1531,-0.4241	0.1484,-0.4256	0.1437,-0.4271	0.139,-0.4286	0.1344,-0.4302	0.1297,-0.4317	0.125,-0.4332	0.1203,-0.4347	0.1159,-0.4355	0.1104,-0.4339	0.1059,-0.4329	0.1043,-0.4332	0.1034,-0.4333	0.1026,-0.4335	0.1017,-0.4337	0.1008,-0.4338	0.09991,-0.434	0.09903,-0.4342	0.09815,-0.4343	0.09727,-0.4345	0.09638,-0.4347	0.0955,-0.4349	0.09462,-0.435	0.09373,-0.4352	0.09285,-0.4354	0.09108,-0.4351	0.09029,-0.4352	0.09029,-0.4352	0.0904,-0.4354	0.09036,-0.4354	0.0903,-0.4354	0.08982,-0.4353	0.08982,-0.4353	0.09012,-0.4353	0.09193,-0.4349	0.09363,-0.4346	0.09628,-0.4345	0.09766,-0.4342	0.0989,-0.434	0.1001,-0.4337	0.1014,-0.4335	0.1026,-0.4333	0.1034,-0.4323	0.1058,-0.4322	0.1078,-0.4318	0.1097,-0.4314	0.1116,-0.4311	0.1133,-0.4287	0.1153,-0.4222	0.1155,-0.4162	0.1156,-0.4122	0.1183,-0.4109	0.1211,-0.4096	0.1239,-0.4084	0.1267,-0.4071	0.1295,-0.4058	0.1342,-0.4075	0.1383,-0.4106	0.1408,-0.4119	0.1436,-0.4127	0.1474,-0.4114	0.1519,-0.41	0.156,-0.4088	0.1589,-0.4063	0.1621,-0.4036	0.1607,-0.3982	0.1607,-0.3954	0.1629,-0.3938	0.1621,-0.3918	0.1645,-0.3903	0.1672,-0.3889	0.1711,-0.388	0.1738,-0.387	0.1782,-0.3867	0.1799,-0.3857	0.182,-0.3851	0.1836,-0.3843	0.1853,-0.3837	0.1872,-0.3832	0.1884,-0.3832	0.1877,-0.3814	0.185,-0.3794	0.1798,-0.3775	0.1766,-0.3765	0.1748,-0.3756	0.174,-0.3744	0.1743,-0.3733	0.1737,-0.3725	0.173,-0.3716	0.1723,-0.3708	0.1746,-0.3702	0.1747,-0.3697	0.1758,-0.3687	0.1768,-0.3676	0.1778,-0.3665	0.1796,-0.3662	0.1806,-0.3646	0.1823,-0.3636	0.1834,-0.3624	0.1846,-0.3612	0.1857,-0.36	0.1868,-0.3588	0.188,-0.3576	0.1891,-0.3564	0.1903,-0.3552	0.1934,-0.3556	0.1986,-0.3578	0.2038,-0.3601	0.2086,-0.3619	0.2134,-0.3634	0.2171,-0.366	0.2205,-0.3702	0.2239,-0.3746	0.2274,-0.3791	0.2289,-0.3811	0.2289,-0.3811	0.2289,-0.3811	0.2295,-0.3808	0.2295,-0.3808	0.2295,-0.3808	0.2296,-0.3809	0.2296,-0.3826	0.2281,-0.3852	0.2253,-0.3869	0.2225,-0.3887	0.2199,-0.3901	0.2175,-0.3913	0.215,-0.3924	0.2126,-0.3935	0.2102,-0.3947	0.2078,-0.3958	0.2053,-0.397	0.2029,-0.3981	0.2005,-0.3992	0.1981,-0.4004	0.1949,-0.401	0.1921,-0.4016	0.1911,-0.4021	0.1901,-0.4026	0.1891,-0.403	0.1881,-0.4035	0.1871,-0.4039	0.1861,-0.4044	0.1851,-0.4049	0.1841,-0.4053	0.1818,-0.4056	0.1806,-0.4063	0.1816,-0.4072	0.1846,-0.4078	0.1877,-0.4063	0.1908,-0.4029	0.1927,-0.402	0.1945,-0.4012	0.1962,-0.4004	0.1984,-0.4002	0.2024,-0.4011	0.2068,-0.4007	0.2109,-0.3988	0.2143,-0.3969	0.218,-0.3972	0.2198,-0.396	0.2219,-0.3941	0.2232,-0.3913	0.2236,-0.3874	0.2215,-0.3843	0.2165,-0.3862	0.2114,-0.3881	0.2063,-0.39	0.2013,-0.3919	0.1962,-0.3939	0.1909,-0.3953	0.1856,-0.3968	0.1804,-0.3984	0.1751,-0.4	0.1698,-0.4016	0.1646,-0.4032	0.1608,-0.4043	0.1588,-0.4046	0.1543,-0.4054	0.1516,-0.4057	0.1476,-0.4071
20	-0.04076,-0.2861	-0.04255,-0.2887	-0.04488,-0.2938	-0.04721,-0.299	-0.04954,-0.3041	-0.0512,-0.3075	-0.05157,-0.3073	-0.05194,-0.3072	-0.0523,-0.307	-0.05267,-0.3069	-0.05304,-0.3068	-0.05341,-0.3066	-0.05378,-0.3065	-0.05413,-0.3063	-0.05758,-0.3053	-0.05582,-0.305	-0.05339,-0.3048	-0.05295,-0.3041	-0.05252,-0.3035	-0.05208,-0.3029	-0.04905,-0.3034	-0.04628,-0.3047	-0.04433,-0.3054	-0.04334,-0.3058	-0.04236,-0.3062	-0.04137,-0.3065	-0.04039,-0.3069	-0.0394,-0.3073	-0.03842,-0.3076	-0.03791,-0.3079	-0.03629,-0.3088	-0.03486,-0.3096	-0.0353,-0.3095	-0.03397,-0.3101	-0.03264,-0.3106	-0.03131,-0.3112	-0.02679,-0.313	-0.02571,-0.313	-0.02479,-0.3129	-0.02387,-0.3128	-0.02774,-0.3106	-0.0303,-0.3101	-0.03271,-0.3095	-0.03317,-0.3098	-0.03366,-0.3139	-0.03434,-0.3184	-0.03475,-0.3229	-0.03515,-0.3274	-0.03554,-0.3319	-0.03594,-0.3364	-0.03634,-0.3409	-0.03714,-0.3453	-0.03854,-0.3503	-0.03919,-0.3548	-0.0385,-0.358	-0.03664,-0.3579	-0.03483,-0.3559	-0.03348,-0.3522	-0.03049,-0.3491	-0.02814,-0.3447	-0.02763,-0.3413	-0.02714,-0.338	-0.02666,-0.3346	-0.02618,-0.3312	-0.0257,-0.3279	-0.02521,-0.3245	-0.02473,-0.3211	-0.02788,-0.3178	-0.02755,-0.3157	-0.028,-0.3136	-0.03076,-0.3127	-0.03129,-0.3119	-0.03181,-0.3111	-0.03233,-0.3103	-0.03461,-0.3094	-0.03819,-0.3084	-0.04174,-0.3081	-0.0449,-0.3083	-0.04903,-0.3076	-0.05284,-0.3069	-0.05679,-0.3062	-0.05945,-0.3047	-0.06024,-0.302	-0.06433,-0.3007	-0.07072,-0.2997	-0.07496,-0.2983	-0.07891,-0.2972	-0.08393,-0.2953	-0.0892,-0.2932	-0.09446,-0.2912	-0.09873,-0.2939	-0.1037,-0.2929	-0.1092,-0.2917	-0.1147,-0.2904	-0.1202,-0.2892	-0.1253,-0.2879	-0.1296,-0.288	-0.1346,-0.2869	-0.1399,-0.2857	-0.1452,-0.2845	-0.1519,-0.2835	-0.1554,-0.2823	-0.1591,-0.281	-0.1646,-0.2797	-0.1701,-0.2785	-0.1753,-0.2777	-0.1807,-0.2765	-0.1862,-0.2752	-0.1917,-0.274	-0.1981,-0.2723	-0.205,-0.2706	-0.21,-0.2739	-0.2154,-0.2778	-0.2197,-0.282	-0.2229,-0.2865	-0.2245,-0.2908	-0.2211,-0.2911	-0.218,-0.291	-0.2145,-0.2927	-0.2104,-0.2931	-0.208,-0.2883	-0.2059,-0.2829	-0.2035,-0.278	-0.2012,-0.273	-0.1989,-0.2681	-0.1966,-0.2639	-0.1955,-0.2569	-0.1934,-0.2517	-0.1912,-0.247	-0.189,-0.2422	-0.1868,-0.2375	-0.1836,-0.2349	-0.1812,-0.2303	-0.1796,-0.225	-0.1777,-0.2199	-0.1763,-0.2145	-0.1743,-0.2094	-0.1727,-0.2043	-0.171,-0.1989	-0.1694,-0.1935	-0.1677,-0.1881	-0.166,-0.1828	-0.1641,-0.1775	-0.162,-0.1722	-0.16,-0.167	-0.1579,-0.1617	-0.1558,-0.1565	-0.1537,-0.1512	-0.152,-0.1463	-0.1507,-0.1408	-0.1497,-0.1357	-0.1492,-0.1301	-0.1487,-0.1245	-0.1482,-0.1189	-0.1475,-0.1135	-0.1467,-0.1081	-0.1462,-0.1025	-0.1457,-0.09688	-0.1452,-0.09125	-0.1448,-0.08563	-0.1443,-0.08	-0.1438,-0.07438	-0.1433,-0.06875	-0.1428,-0.06313	-0.1423,-0.0575	-0.1418,-0.05188	-0.1413,-0.04625	-0.1408,-0.04063	-0.1403,-0.03519	-0.1408,-0.03071	-0.1429,-0.02671	-0.1462,-0.0237	-0.151,-0.02169	-0.1563,-0.01973	-0.1612,-0.01796	-0.1657,-0.01761	-0.17,-0.01887	-0.1745,-0.02177	-0.1792,-0.0249	-0.1839,-0.02803	-0.1886,-0.03116	-0.1933,-0.03429	-0.198,-0.03742	-0.2027,-0.04055	-0.2074,-0.04368	-0.2121,-0.04681	-0.2165,-0.04967	-0.2216,-0.05209	-0.2267,-0.05451	-0.2318,-0.05693	-0.2369,-0.05935	-0.242,-0.06177	-0.2468,-0.06422	-0.2517,-0.067	-0.2567,-0.06978	-0.2616,-0.07256	-0.2665,-0.07535	-0.2714,-0.07813	-0.2755,-0.08057	-0.2798,-0.08301	-0.2834,-0.08676	-0.2875,-0.08998	-0.2915,-0.09329	-0.2954,-0.09697	-0.2995,-0.1002	-0.3034,-0.1037	-0.3055,-0.1101	-0.3088,-0.1133	-0.3126,-0.1162	-0.3167,-0.1189	-0.3205,-0.1217	-0.3244,-0.1245	-0.3282,-0.1273	-0.3321,-0.1301	-0.336,-0.1329	-0.3398,-0.1357	-0.3437,-0.1385	-0.3475,-0.1413	-0.3505,-0.1436	-0.3504,-0.144	-0.3502,-0.1444	-0.3504,-0.1432	-0.3493,-0.1466	-0.349,-0.1476	-0.3488,-0.1482	-0.3485,-0.1487	-0.3483,-0.1493	-0.3483,-0.1495	-0.3485,-0.1492	-0.3482,-0.1498	-0.348,-0.1504	-0.3478,-0.151	-0.3463,-0.1539	-0.347,-0.1514	-0.3466,-0.1525	-0.3441,-0.1592	-0.3442,-0.1594	-0.3434,-0.1614	-0.3426,-0.1633	-0.3425,-0.1642	-0.3424,-0.1645	-0.3453,-0.1666	-0.3452,-0.1668	-0.3458,-0.1642	-0.345,-0.1657	-0.3404,-0.1722	-0.3397,-0.1734	-0.3392,-0.1743	-0.34,-0.1734	-0.3393,-0.1729	-0.3389,-0.172	-0.3352,-0.1785	-0.3347,-0.1801	-0.3343,-0.1824	-0.3342,-0.1836	-0.3337,-0.1844	-0.3342,-0.1859	-0.3335,-0.1875	-0.3328,-0.1887	-0.335,-0.1848	-0.3394,-0.181	-0.3449,-0.1794	-0.3489,-0.1805	-0.3476,-0.1847	-0.3448,-0.1883	-0.3409,-0.1906	-0.3365,-0.1914	-0.3319,-0.1905	-0.3266,-0.1886	-0.3213,-0.1867	-0.316,-0.1847	-0.3106,-0.1828	-0.3053,-0.1809	-0.3,-0.179	-0.2947,-0.1771	-0.2894,-0.1752	-0.2842,-0.1734	-0.2796,-0.1727	-0.2739,-0.1728	-0.2685,-0.1729	-0.2641,-0.1721	-0.2602,-0.1697	-0.2575,-0.1662	-0.2561,-0.1619	-0.2558,-0.1565	-0.2564,-0.152	-0.2587,-0.1474	-0.2615,-0.1425	-0.2642,-0.1376	-0.267,-0.1326	-0.2698,-0.1277	-0.2725,-0.123	-0.2738,-0.1187	-0.2736,-0.114	-0.2724,-0.1085	-0.2712,-0.103	-0.27,-0.09809	-0.2675,-0.09413	-0.2638,-0.08988	-0.26,-0.08563	-0.2565,-0.08216	-0.2519,-0.07881	-0.2479,-0.07558	-0.2439,-0.07161	-0.24,-0.06785	-0.2357,-0.06418	-0.2314,-0.06051	-0.2271,-0.05684	-0.2228,-0.05317	-0.2185,-0.0495	-0.2142,-0.04583	-0.2099,-0.04216	-0.2056,-0.03849	-0.2015,-0.03494	-0.1979,-0.03096	-0.1941,-0.02671	-0.1907,-0.0228	-0.1864,-0.01953	-0.1818,-0.01618	-0.1773,-0.01283	-0.1729,-0.01005	-0.1679,-0.007394	-0.1629,-0.004737	-0.1586,-0.002809	-0.1533,-0.002027	-0.1477,-0.001309	-0.1421,-0.0005907	-0.1364,0.0001273	-0.1308,0.0008453	-0.1252,0.001563	-0.1196,0.002281	-0.1145,0.002588	-0.1088,0.00249	-0.1032,0.002391	-0.09753,0.002292	-0.09677,0.001603	-0.09668,0.0008338	-0.09504,-0.001701	-0.09523,-0.002604	-0.09506,-0.004559	-0.09489,-0.006517	-0.09472,-0.008474	-0.09456,-0.01043	-0.09439,-0.01239	-0.09422,-0.01435	-0.09252,-0.01983	-0.09265,-0.02143	-0.09311,-0.0226	-0.09357,-0.02376	-0.09403,-0.02493	-0.09449,-0.0261	-0.09495,-0.02726	-0.09363,-0.02995	-0.09324,-0.03128	-0.09285,-0.03261	-0.09433,-0.03095	-0.09562,-0.02945	-0.09658,-0.02816	-0.09746,-0.03012	-0.09875,-0.03546	-0.1011,-0.03443	-0.1021,-0.03345	-0.1023,-0.0345	-0.1023,-0.03572	-0.1021,-0.03733	-0.1026,-0.03705	-0.1043,-0.03439	-0.106,-0.03162	-0.1078,-0.02885	-0.1086,-0.02984	-0.1098,-0.02691	-0.1097,-0.02703	-0.1085,-0.0249	-0.1072,-0.02272	-0.1059,-0.02054	-0.1056,-0.01925	-0.1042,-0.0178	-0.1028,-0.01632	-0.1008,-0.01468	-0.09799,-0.01198	-0.09665,-0.0106	-0.09533,-0.009222	-0.09402,-0.007849	-0.0927,-0.006475	-0.09138,-0.005102	-0.09007,-0.003728	-0.08875,-0.002355	-0.08619,-0.0004944	-0.08062,0.001658	-0.07787,0.002452	-0.07512,0.003248	-0.07236,0.004044	-0.06961,0.004839	-0.06571,0.005701	-0.05976,0.005533	-0.0532,0.004298	-0.04673,0.002498	-0.04172,0.001034	-0.0367,-0.0004311	-0.03169,-0.001896	-0.02558,-0.002862	-0.02062,-0.004237	-0.01566,-0.005612	-0.0107,-0.006987	-0.005742,-0.008362	-0.0007834,-0.009736	0.005968,-0.009332	0.01031,-0.00785	0.00993,-0.008044	0.01227,-0.008874	0.01462,-0.009706	0.01696,-0.01054	0.01931,-0.01137	0.02166,-0.0122	0.024,-0.01303	0.02635,-0.01387	0.0287,-0.0147	0.03104,-0.01553	0.03339,-0.01636	0.03574,-0.01719	0.03738,-0.01805	0.03996,-0.01872	0.04254,-0.01938	0.04513,-0.02005	0.04643,-0.0208	0.04533,-0.02182	0.04508,-0.02334	0.04644,-0.02437	0.04779,-0.02539	0.04954,-0.02642	0.05353,-0.02703	0.05548,-0.02813	0.05747,-0.02923	0.05945,-0.03033	0.06143,-0.03144	0.06356,-0.03278	0.06973,-0.03271	0.07177,-0.03271	0.06847,-0.03328	0.06763,-0.03363	0.06676,-0.03397	0.0643,-0.0343	0.06403,-0.03418	0.06376,-0.03407	0.06349,-0.03395	0.06358,-0.03316	0.06541,-0.02854	0.06729,-0.02377	0.06035,-0.02189	0.05783,-0.01919	0.06232,-0.01435	0.06075,-0.01077	0.05883,-0.00681	0.05691,-0.002848	0.05676,-0.002441	0.05591,-0.003606	0.05555,-0.004942	0.05455,-0.006034	0.05101,-0.006428	0.04832,-0.006403	0.04563,-0.006378	0.04294,-0.006353	0.04024,-0.006327	0.03755,-0.006302	0.03486,-0.006277	0.03217,-0.006251	0.02962,-0.006485	0.02691,-0.006348	0.02293,-0.007392	0.02059,-0.006546	0.01681,-0.005398	0.01302,-0.004249	0.009233,-0.003099	0.005447,-0.00195	0.00166,-0.0008006	-0.002126,0.0003487	-0.005912,0.001498	-0.01149,0.002529	-0.0184,0.002869	-0.02409,0.002681	-0.02641,0.003914
21	0.09136,0.1495	0.0884,0.148	0.08316,0.1459	0.07793,0.1437	0.07269,0.1416	0.06745,0.1395	0.06221,0.1374	0.05698,0.1353	0.05174,0.1332	0.0465,0.1311	0.04126,0.129	0.03643,0.127	0.03158,0.1242	0.0267,0.1213	0.02182,0.1185	0.01694,0.1156	0.01215,0.1131	0.007083,0.1106	0.002012,0.1081	-0.003059,0.1056	-0.008129,0.1031	-0.0132,0.1007	-0.01827,0.09817	-0.02334,0.09568	-0.02841,0.0932	-0.03348,0.09071	-0.03855,0.08823	-0.04362,0.08574	-0.0487,0.08325	-0.05377,0.08077	-0.05884,0.07828	-0.06383,0.07618	-0.06863,0.07492	-0.0742,0.07399	-0.07977,0.07306	-0.08405,0.07165	-0.08501,0.06903	-0.08597,0.0664	-0.08694,0.06378	-0.08782,0.06084	-0.08874,0.05484	-0.09137,0.04864	-0.09485,0.04367	-0.09771,0.04032	-0.1006,0.03795	-0.1038,0.03636	-0.1065,0.0345	-0.1096,0.0312	-0.1123,0.02947	-0.1151,0.02628	-0.1179,0.0231	-0.1207,0.01991	-0.1235,0.01672	-0.1263,0.01353	-0.1291,0.01034	-0.132,0.007154	-0.1348,0.003966	-0.1376,0.0007776	-0.1404,-0.002411	-0.1432,-0.005599	-0.1442,-0.00756	-0.1464,-0.006105	-0.1495,-0.004503	-0.1535,-0.003392	-0.1553,-0.003879	-0.1571,-0.004099	-0.1589,-0.004317	-0.1607,-0.004534	-0.1627,-0.004143	-0.1634,-0.005093	-0.1638,-0.005138	-0.1642,-0.005171	-0.1647,-0.005203	-0.1651,-0.005235	-0.1659,-0.005304	-0.1653,-0.005037	-0.1648,-0.004759	-0.1642,-0.004481	-0.1636,-0.004204	-0.1631,-0.003926	-0.1678,-0.002933	-0.1733,-0.001831	-0.1789,-0.0007283	-0.1844,0.0003743	-0.19,0.001477	-0.1955,0.002579	-0.201,0.003682	-0.2066,0.004785	-0.211,0.006333	-0.216,0.008972	-0.221,0.01161	-0.226,0.01425	-0.231,0.01689	-0.2358,0.01944	-0.2402,0.02254	-0.2448,0.02587	-0.2494,0.02921	-0.2534,0.03242	-0.2575,0.03638	-0.2615,0.04034	-0.2655,0.04429	-0.2695,0.04825	-0.2736,0.0522	-0.2776,0.05578	-0.2816,0.05921	-0.2841,0.06295	-0.2851,0.06733	-0.2845,0.07198	-0.2829,0.07738	-0.2812,0.08279	-0.2796,0.0882	-0.278,0.0936	-0.2764,0.09883	-0.2741,0.1032	-0.2712,0.107	-0.2671,0.1098	-0.2625,0.113	-0.258,0.1163	-0.2534,0.1197	-0.2488,0.123	-0.2442,0.1263	-0.2396,0.1296	-0.2351,0.1329	-0.2305,0.1362	-0.2259,0.1395	-0.2219,0.142	-0.2167,0.1435	-0.2112,0.145	-0.2058,0.1465	-0.2003,0.1479	-0.1949,0.1494	-0.1894,0.1509	-0.184,0.1523	-0.1785,0.1538	-0.1731,0.1553	-0.1676,0.1568	-0.1623,0.1582	-0.157,0.16	-0.1517,0.1619	-0.1464,0.1637	-0.1411,0.1656	-0.1357,0.1675	-0.1304,0.1693	-0.1251,0.1712	-0.1197,0.173	-0.1144,0.1749	-0.1091,0.1768	-0.1037,0.1786	-0.0984,0.1805	-0.09307,0.1824	-0.08774,0.1842	-0.08241,0.1861	-0.07708,0.1879	-0.07175,0.1898	-0.06642,0.1917	-0.06126,0.1933	-0.05581,0.1948	-0.05035,0.1963	-0.0449,0.1977	-0.03945,0.1992	-0.034,0.2007	-0.02855,0.2022	-0.02309,0.2036	-0.01764,0.2051	-0.01219,0.2066	-0.007519,0.2082	-0.002512,0.2108	0.002494,0.2135	0.0075,0.2161	0.01251,0.2187	0.01702,0.2213	0.02159,0.2246	0.02602,0.2278	0.03078,0.2307	0.03558,0.2337	0.04039,0.2367	0.04519,0.2396	0.04999,0.2426	0.0548,0.2456	0.0596,0.2485	0.0644,0.2515	0.06921,0.2545	0.07289,0.2555	0.07642,0.2546	0.08082,0.2532	0.08431,0.2522	0.08774,0.2513	0.09123,0.2504	0.09473,0.2494	0.09859,0.2511	0.1028,0.2544	0.1072,0.2576	0.1118,0.2609	0.1163,0.2641	0.1205,0.2676	0.1246,0.2702	0.1294,0.2731	0.1342,0.2761	0.1389,0.2788	0.1437,0.2818	0.1485,0.2848	0.1527,0.2878	0.1577,0.2904	0.1627,0.293	0.1677,0.2956	0.1727,0.2982	0.1766,0.3004	0.1811,0.3026	0.1862,0.3052	0.1912,0.3078	0.1961,0.3102	0.2011,0.3128	0.2061,0.3154	0.2096,0.3178	0.2149,0.3201	0.2197,0.3224	0.2234,0.3265	0.2285,0.3276	0.234,0.3287	0.2396,0.3297	0.2451,0.3308	0.249,0.3308	0.2494,0.3328	0.2506,0.3367	0.2531,0.3348	0.2561,0.3322	0.2584,0.331	0.2577,0.3276	0.256,0.3251	0.2545,0.323	0.2556,0.3196	0.2563,0.3149	0.2603,0.3169	0.2636,0.3205	0.2671,0.325	0.2705,0.3294	0.274,0.3339	0.2774,0.3384	0.2808,0.3429	0.2815,0.3438	0.2816,0.3438	0.2789,0.3433	0.2792,0.3458	0.2792,0.3458	0.2792,0.3458	0.2795,0.3461	0.2792,0.3464	0.2788,0.3467	0.2784,0.347	0.2781,0.3473	0.2777,0.3476	0.2773,0.3479	0.277,0.3482	0.2767,0.3487	0.276,0.3493	0.2753,0.3499	0.2746,0.3504	0.2739,0.351	0.2733,0.3516	0.2726,0.3521	0.2719,0.3527	0.2704,0.3534	0.2703,0.3535	0.2702,0.3535	0.2702,0.3535	0.2703,0.3539	0.2702,0.3563	0.2692,0.3603	0.2686,0.3643	0.2661,0.3676	0.2632,0.37	0.2598,0.371	0.2563,0.374	0.2531,0.3771	0.2504,0.379	0.2479,0.3805	0.2465,0.3789	0.2449,0.3801	0.2422,0.3827	0.2385,0.3851	0.2352,0.3864	0.2326,0.3888	0.2291,0.391	0.2255,0.3932	0.2222,0.3947	0.2193,0.3961	0.2164,0.3975	0.2135,0.3988	0.2106,0.4002	0.2075,0.4015	0.2047,0.403	0.2025,0.4074	0.1989,0.4093	0.1947,0.4113	0.1905,0.4133	0.1863,0.4153	0.1821,0.4172	0.1779,0.4192	0.1732,0.4203	0.1694,0.4215	0.1675,0.4222	0.1631,0.4236	0.1608,0.4243	0.1591,0.4249	0.1582,0.4251	0.155,0.4289	0.1512,0.4333	0.1467,0.4372	0.1409,0.4405	0.1369,0.442	0.1398,0.4382	0.1403,0.435	0.1402,0.433	0.1386,0.4301	0.1368,0.4275	0.1356,0.4244	0.1346,0.4205	0.1335,0.4168	0.1328,0.4144	0.1343,0.4099	0.1337,0.405	0.1336,0.4012	0.1334,0.3969	0.1338,0.3921	0.1352,0.3875	0.1366,0.3838	0.1386,0.3811	0.1405,0.3784	0.1406,0.3746	0.1412,0.3709	0.1429,0.3682	0.1446,0.3655	0.1457,0.3624	0.1478,0.3602	0.1498,0.3581	0.1491,0.353	0.1481,0.3475	0.1471,0.3419	0.1462,0.3363	0.1452,0.3308	0.1442,0.3252	0.1434,0.3201	0.1435,0.3147	0.1438,0.309	0.144,0.3034	0.1443,0.2978	0.1445,0.2921	0.1448,0.2865	0.145,0.2808	0.1453,0.2752	0.1455,0.2695	0.1458,0.2639	0.146,0.2583	0.1463,0.2526	0.1465,0.247	0.1468,0.2413	0.147,0.2357	0.1473,0.2301	0.1475,0.2248	0.1464,0.2204	0.1437,0.2161	0.1405,0.2114	0.1372,0.2068	0.134,0.2022	0.1308,0.1975	0.1276,0.1929	0.1243,0.1883	0.1211,0.1836	0.1179,0.179	0.1147,0.1744	0.1114,0.1697	0.1082,0.1651	0.1051,0.1606	0.1026,0.1558	0.1001,0.1508	0.0975,0.1462	0.09497,0.1412	0.09245,0.1362	0.08993,0.1311	0.08741,0.1261	0.08502,0.1217	0.08161,0.1184	0.07695,0.1153	0.07229,0.1121	0.06763,0.1089	0.06298,0.1057	0.05832,0.1025	0.05366,0.09929	0.049,0.0961	0.04434,0.09291	0.03968,0.08972	0.03502,0.08653	0.03037,0.08334	0.02761,0.08083	0.02534,0.07875	0.02332,0.07909	0.02052,0.0779	0.01759,0.07713	0.01417,0.07544	0.01092,0.07454	0.007427,0.07346	0.002971,0.07277	5.815e-05,0.06835	-0.002951,0.06954	-0.006287,0.06982	-0.00984,0.07068	-0.01264,0.07203	-0.01278,0.07678	-0.01598,0.07989	-0.02089,0.07954	-0.02624,0.07949	-0.03146,0.07981	-0.03697,0.08089	-0.04251,0.08199	-0.04804,0.08309	-0.05297,0.08368	-0.05695,0.08487	-0.05962,0.08786	-0.06445,0.08821	-0.06973,0.08647	-0.07495,0.08595	-0.07989,0.0865	-0.0843,0.0879	-0.08813,0.09	-0.08893,0.09375	-0.08576,0.09694	-0.08165,0.09879	-0.07674,0.09911	-0.0711,0.09896	-0.06545,0.09881	-0.06022,0.09862	-0.05469,0.09769	-0.04913,0.09673	-0.0438,0.09574	-0.0389,0.0947	-0.03376,0.09507	-0.02877,0.09549	-0.02438,0.09447	-0.02064,0.09196	-0.01682,0.08786	-0.01298,0.08372	-0.009141,0.07958	-0.005302,0.07543	-0.001464,0.07129	0.002375,0.06715	0.006213,0.06301	0.01005,0.05887	0.01389,0.05472	0.01773,0.05058	0.02157,0.04644	0.02541,0.0423	0.02924,0.03816	0.03308,0.03402	0.03692,0.02987	0.03548,0.0287	0.0352,0.02734	0.03485,0.02595	0.03568,0.02433	0.03995,0.02287	0.04445,0.02301	0.04861,0.02474	0.05188,0.02783	0.05385,0.03188	0.05425,0.03637	0.05304,0.04071	0.05037,0.04433	0.04613,0.04727	0.04135,0.05026	0.03656,0.05326	0.03177,0.05625	0.02698,0.05924	0.02219,0.06224	0.01741,0.06523	0.01262,0.06823	0.00783,0.07122	0.003042,0.07422	-0.001746,0.07721	-0.006534,0.0802	-0.01132,0.0832	-0.01579,0.08593	-0.02068,0.08753
22	-0.2525,-0.06137	-0.2541,-0.06458	-0.2563,-0.06976	-0.2586,-0.07494	-0.2608,-0.08012	-0.2633,-0.08438	-0.2666,-0.08896	-0.2699,-0.09353	-0.2733,-0.09811	-0.2766,-0.1027	-0.2799,-0.1073	-0.2832,-0.1118	-0.2865,-0.1164	-0.2898,-0.121	-0.2931,-0.1256	-0.2964,-0.1301	-0.2997,-0.1341	-0.3037,-0.1382	-0.3076,-0.1422	-0.3115,-0.1463	-0.3155,-0.1503	-0.3194,-0.1544	-0.323,-0.1585	-0.3266,-0.1628	-0.3302,-0.1671	-0.3339,-0.1714	-0.3374,-0.1756	-0.34,-0.1801	-0.3426,-0.1851	-0.3452,-0.1901	-0.3478,-0.1951	-0.3502,-0.1998	-0.3511,-0.2042	-0.3504,-0.2086	-0.3481,-0.2135	-0.3456,-0.2185	-0.3431,-0.2236	-0.3406,-0.2287	-0.3381,-0.2337	-0.3356,-0.2388	-0.333,-0.2438	-0.3305,-0.2489	-0.328,-0.2539	-0.3255,-0.259	-0.323,-0.2638	-0.3201,-0.2686	-0.3172,-0.2735	-0.3144,-0.2784	-0.3115,-0.2832	-0.3086,-0.2881	-0.3057,-0.293	-0.3029,-0.2978	-0.3,-0.3027	-0.2971,-0.3076	-0.2943,-0.3119	-0.2909,-0.3162	-0.2888,-0.3202	-0.2878,-0.3255	-0.2869,-0.331	-0.2859,-0.3366	-0.2849,-0.3422	-0.2836,-0.347	-0.2807,-0.3493	-0.2779,-0.3517	-0.275,-0.354	-0.2721,-0.3564	-0.2693,-0.3587	-0.2666,-0.3604	-0.264,-0.362	-0.2614,-0.3637	-0.2588,-0.3654	-0.2561,-0.3671	-0.2535,-0.3687	-0.2509,-0.3704	-0.2482,-0.3721	-0.2456,-0.3737	-0.243,-0.3754	-0.2404,-0.3771	-0.2377,-0.3787	-0.2351,-0.3804	-0.2325,-0.3821	-0.2299,-0.3837	-0.2277,-0.3863	-0.2247,-0.3889	-0.2213,-0.3907	-0.2181,-0.3922	-0.2149,-0.3938	-0.2117,-0.3953	-0.2085,-0.3968	-0.2053,-0.3983	-0.2021,-0.3998	-0.1989,-0.4013	-0.1956,-0.4028	-0.1924,-0.4043	-0.1892,-0.4058	-0.1861,-0.4079	-0.1826,-0.4096	-0.1791,-0.4112	-0.1756,-0.4129	-0.1721,-0.4145	-0.1689,-0.4156	-0.1658,-0.4166	-0.1626,-0.4176	-0.1595,-0.4186	-0.1564,-0.4196	-0.1532,-0.4207	-0.1501,-0.4217	-0.1472,-0.4236	-0.1439,-0.4267	-0.1398,-0.4285	-0.1353,-0.4286	-0.131,-0.4272	-0.1275,-0.4243	-0.1253,-0.4204	-0.1246,-0.416	-0.1255,-0.4116	-0.1279,-0.4078	-0.1319,-0.4039	-0.1359,-0.3999	-0.14,-0.396	-0.144,-0.392	-0.1481,-0.3881	-0.1521,-0.3841	-0.1562,-0.3802	-0.1602,-0.3763	-0.1641,-0.3724	-0.1684,-0.3692	-0.173,-0.3659	-0.1775,-0.3626	-0.1821,-0.3592	-0.1867,-0.3559	-0.1913,-0.3526	-0.1958,-0.3493	-0.2004,-0.346	-0.205,-0.3427	-0.2095,-0.3393	-0.2141,-0.336	-0.2187,-0.3327	-0.2232,-0.3294	-0.2278,-0.3261	-0.2324,-0.3227	-0.237,-0.3194	-0.2415,-0.3161	-0.2459,-0.3129	-0.2499,-0.3092	-0.2539,-0.3053	-0.2577,-0.3014	-0.2615,-0.2972	-0.2651,-0.2931	-0.2687,-0.2904	-0.2738,-0.2886	-0.2791,-0.2867	-0.2844,-0.2848	-0.2897,-0.2829	-0.2951,-0.2811	-0.2976,-0.2795	-0.2989,-0.2777	-0.2976,-0.2712	-0.2985,-0.2699	-0.2994,-0.2687	-0.3003,-0.2675	-0.3022,-0.2667	-0.3078,-0.2656	-0.3133,-0.2646	-0.3189,-0.2635	-0.3243,-0.2622	-0.3298,-0.2611	-0.3354,-0.26	-0.3409,-0.2589	-0.3448,-0.2575	-0.3465,-0.2545	-0.3509,-0.2545	-0.3529,-0.251	-0.3565,-0.2484	-0.359,-0.2447	-0.36,-0.2403	-0.3595,-0.2358	-0.3573,-0.2319	-0.3539,-0.2289	-0.3497,-0.2274	-0.3448,-0.2274	-0.3392,-0.2279	-0.3335,-0.2284	-0.3279,-0.229	-0.3225,-0.2295	-0.3182,-0.2308	-0.3146,-0.2336	-0.3123,-0.2374	-0.3114,-0.2419	-0.3122,-0.2463	-0.3146,-0.2502	-0.3181,-0.253	-0.3224,-0.2543	-0.3275,-0.2542	-0.3332,-0.2538	-0.3388,-0.2534	-0.3444,-0.253	-0.3499,-0.2526	-0.3552,-0.2529	-0.3609,-0.2534	-0.3665,-0.2538	-0.3676,-0.2524	-0.3686,-0.2509	-0.3696,-0.2495	-0.3707,-0.2481	-0.3717,-0.2466	-0.3727,-0.2452	-0.3738,-0.2438	-0.3747,-0.2424	-0.3752,-0.2415	-0.3756,-0.2403	-0.3761,-0.2393	-0.3764,-0.2387	-0.3767,-0.2382	-0.377,-0.2376	-0.3774,-0.2371	-0.3777,-0.2365	-0.378,-0.2359	-0.3783,-0.2354	-0.3786,-0.2348	-0.3789,-0.2343	-0.3792,-0.2337	-0.3795,-0.2331	-0.3798,-0.2326	-0.3801,-0.232	-0.3804,-0.2314	-0.3807,-0.2309	-0.3811,-0.2303	-0.3814,-0.2298	-0.3817,-0.2292	-0.382,-0.2286	-0.3823,-0.2281	-0.3836,-0.2276	-0.3844,-0.226	-0.3853,-0.2244	-0.3862,-0.2227	-0.3872,-0.2211	-0.3881,-0.2194	-0.389,-0.2178	-0.3889,-0.218	-0.3885,-0.2176	-0.3888,-0.2181	-0.3881,-0.2192	-0.383,-0.22	-0.3822,-0.2214	-0.3825,-0.222	-0.3819,-0.2232	-0.3813,-0.2241	-0.3804,-0.2258	-0.3779,-0.2267	-0.3745,-0.2267	-0.3751,-0.2269	-0.375,-0.2279	-0.3792,-0.229	-0.3808,-0.2299	-0.3803,-0.2307	-0.3803,-0.2313	-0.3803,-0.2313	-0.3799,-0.2319	-0.3787,-0.2343	-0.377,-0.2373	-0.3751,-0.2407	-0.3732,-0.2436	-0.3691,-0.2482	-0.368,-0.2494	-0.3665,-0.2514	-0.3656,-0.2528	-0.3643,-0.2546	-0.3629,-0.2564	-0.3609,-0.2592	-0.3585,-0.2624	-0.3571,-0.2644	-0.3551,-0.2671	-0.3535,-0.2694	-0.3519,-0.2715	-0.3506,-0.2736	-0.3496,-0.2747	-0.3487,-0.2759	-0.3476,-0.2774	-0.3464,-0.2791	-0.3456,-0.2802	-0.3445,-0.2818	-0.3434,-0.2833	-0.3423,-0.2848	-0.3412,-0.2859	-0.3402,-0.287	-0.3391,-0.2881	-0.3381,-0.2891	-0.337,-0.2902	-0.3367,-0.2905	-0.336,-0.2913	-0.3347,-0.2927	-0.3337,-0.2938	-0.3329,-0.2947	-0.3321,-0.2954	-0.331,-0.2966	-0.3303,-0.2973	-0.3301,-0.2976	-0.3307,-0.297	-0.3306,-0.2972	-0.3306,-0.2972	-0.33,-0.2979	-0.3299,-0.2979	-0.3309,-0.297	-0.3312,-0.297	-0.3314,-0.2968	-0.3314,-0.2968	-0.3314,-0.2968	-0.3314,-0.2968	-0.3314,-0.2968	-0.3316,-0.2966	-0.3339,-0.2942	-0.3373,-0.2906	-0.3388,-0.289	-0.3391,-0.2887	-0.3394,-0.2884	-0.3405,-0.2866	-0.3405,-0.2866	-0.3405,-0.2866	-0.3405,-0.2866	-0.3405,-0.2866	-0.3405,-0.2866	-0.3407,-0.2863	-0.3415,-0.2865	-0.3417,-0.289	-0.3409,-0.2929	-0.338,-0.296	-0.3351,-0.2991	-0.3322,-0.3022	-0.3293,-0.3053	-0.3264,-0.3083	-0.3235,-0.3114	-0.3206,-0.3145	-0.3183,-0.318	-0.316,-0.322	-0.3126,-0.3248	-0.3075,-0.3273	-0.3025,-0.3298	-0.2976,-0.3316	-0.2922,-0.3334	-0.2869,-0.3351	-0.2815,-0.3368	-0.2761,-0.3386	-0.2707,-0.3403	-0.2654,-0.3421	-0.2607,-0.3429	-0.2551,-0.343	-0.2496,-0.3431	-0.245,-0.3442	-0.2398,-0.3463	-0.2346,-0.3485	-0.2293,-0.3506	-0.2243,-0.3526	-0.2191,-0.354	-0.2136,-0.3553	-0.2081,-0.3567	-0.2026,-0.358	-0.1971,-0.3594	-0.1917,-0.3607	-0.1862,-0.3621	-0.1807,-0.3634	-0.1758,-0.3651	-0.1737,-0.3664	-0.172,-0.3684	-0.1702,-0.3703	-0.1685,-0.3723	-0.1661,-0.3768	-0.161,-0.3814	-0.1543,-0.3833	-0.1467,-0.3831	-0.1426,-0.3838	-0.1376,-0.3831	-0.1326,-0.3809	-0.1282,-0.3782	-0.1247,-0.3752	-0.1232,-0.3751	-0.1229,-0.3773	-0.1227,-0.3796	-0.1224,-0.3818	-0.1216,-0.3826	-0.1194,-0.3793	-0.1187,-0.3778	-0.119,-0.3791	-0.1193,-0.3803	-0.1195,-0.3816	-0.12,-0.3854	-0.1207,-0.3897	-0.12,-0.3899	-0.1192,-0.3901	-0.12,-0.3927	-0.1202,-0.3934	-0.1203,-0.3938	-0.1204,-0.3943	-0.1206,-0.3948	-0.1199,-0.3936	-0.1201,-0.3936	-0.1203,-0.3936	-0.1205,-0.3936	-0.1207,-0.3936	-0.1205,-0.393	-0.1207,-0.3933	-0.1208,-0.3936	-0.1204,-0.3923	-0.1204,-0.3929	-0.1204,-0.3936	-0.1205,-0.3943	-0.1205,-0.3951	-0.1206,-0.3958	-0.122,-0.3989	-0.1239,-0.4018	-0.1249,-0.4032	-0.1259,-0.4046	-0.1255,-0.4024	-0.1257,-0.4033	-0.1261,-0.4063	-0.1276,-0.4107	-0.1284,-0.4139	-0.1292,-0.4172	-0.1292,-0.4174	-0.1297,-0.4191	-0.13,-0.4225	-0.129,-0.423	-0.1251,-0.4184	-0.1224,-0.4131	-0.1216,-0.4073	-0.1212,-0.4043	-0.1196,-0.4038	-0.118,-0.4033	-0.1193,-0.3992	-0.1182,-0.3984	-0.1161,-0.3986	-0.1139,-0.3988	-0.1118,-0.3991	-0.1097,-0.3993	-0.1075,-0.3995	-0.105,-0.4008	-0.1031,-0.4016	-0.1012,-0.4024	-0.09925,-0.4031	-0.09732,-0.4039	-0.0954,-0.4047	-0.09321,-0.4079	-0.09075,-0.4146	-0.08974,-0.4221	-0.08766,-0.4234	-0.08625,-0.422	-0.08299,-0.4231	-0.07964,-0.4242	-0.0769,-0.4247	-0.07426,-0.4252	-0.07174,-0.4264	-0.07098,-0.4291	-0.06926,-0.4294	-0.0675,-0.4298	-0.06595,-0.4305	-0.06447,-0.4319	-0.06234,-0.4323	-0.06159,-0.4366	-0.06072,-0.4398	-0.05987,-0.4413	-0.05897,-0.4416	-0.05807,-0.4417	-0.05738,-0.4417	-0.05669,-0.4418	-0.056,-0.4418	-0.05324,-0.4414	-0.05261,-0.442	-0.05211,-0.4421	-0.05164,-0.4421	-0.05117,-0.4421	-0.04938,-0.4421	-0.04927,-0.4421	-0.04922,-0.4421	-0.04917,-0.4421	-0.04912,-0.4421	-0.04908,-0.4421	-0.04903,-0.4421	-0.04898,-0.4421	-0.04893,-0.4421	-0.04888,-0.4421	-0.04846,-0.4422
23	0.2716,-0.01113	0.2711,-0.007826	0.2696,-0.002369	0.2682,0.003089	0.2667,0.008546	0.2653,0.014	0.2638,0.01946	0.2624,0.02492	0.2609,0.03037	0.2595,0.03583	0.2578,0.04101	0.2569,0.0441	0.2579,0.04552	0.2583,0.04662	0.2589,0.0475	0.2605,0.04876	0.2621,0.05003	0.2643,0.05184	0.2661,0.05323	0.2678,0.05462	0.2695,0.05601	0.2712,0.0574	0.273,0.05879	0.2747,0.06018	0.2742,0.06071	0.2774,0.06201	0.284,0.06456	0.2913,0.07028	0.2946,0.07237	0.2964,0.07235	0.2987,0.07446	0.3001,0.07522	0.3014,0.07597	0.3036,0.07831	0.307,0.07709	0.3115,0.07518	0.3159,0.07327	0.3204,0.07148	0.325,0.0706	0.3301,0.06932	0.3353,0.0679	0.3406,0.06649	0.3412,0.05822	0.3435,0.05392	0.3489,0.05265	0.352,0.05098	0.3572,0.0496	0.3623,0.0482	0.3674,0.04681	0.3726,0.04542	0.3791,0.04815	0.3845,0.04775	0.3867,0.04391	0.3847,0.03761	0.3809,0.03216	0.3753,0.02799	0.3683,0.02544	0.3605,0.02479	0.3541,0.02625	0.3471,0.0296	0.3409,0.0343	0.3366,0.03898	0.333,0.04332	0.329,0.04728	0.3249,0.0511	0.3208,0.05492	0.3167,0.05875	0.3126,0.06257	0.3085,0.06639	0.3049,0.07072	0.3013,0.07505	0.2977,0.07939	0.2946,0.08213	0.2905,0.08541	0.2862,0.08894	0.2823,0.0916	0.2778,0.09494	0.2734,0.09827	0.2689,0.1016	0.2623,0.1056	0.2588,0.1093	0.2543,0.1126	0.2499,0.116	0.2469,0.1167	0.2449,0.1169	0.2433,0.1175	0.2419,0.1186	0.2407,0.1204	0.2393,0.123	0.238,0.1259	0.2361,0.1293	0.2334,0.1331	0.2299,0.1371	0.2264,0.1399	0.2239,0.143	0.2215,0.1462	0.2197,0.1499	0.2182,0.1525	0.2166,0.1551	0.215,0.1576	0.2134,0.1602	0.2119,0.1628	0.2098,0.1642	0.2094,0.166	0.2092,0.1682	0.2092,0.1706	0.2092,0.1731	0.2091,0.1755	0.2085,0.1767	0.2093,0.1792	0.2101,0.1817	0.2103,0.1831	0.211,0.1855	0.2117,0.1878	0.2118,0.1892	0.2124,0.1914	0.213,0.1936	0.2125,0.1948	0.2132,0.1964	0.2137,0.1978	0.2158,0.2002	0.2178,0.2025	0.2193,0.2045	0.2215,0.2069	0.2238,0.2093	0.226,0.2117	0.2282,0.2141	0.2307,0.217	0.2329,0.2196	0.2362,0.2225	0.2385,0.2249	0.2408,0.2273	0.2431,0.2296	0.2454,0.232	0.2477,0.2343	0.2494,0.2364	0.2479,0.2368	0.2512,0.2392	0.2547,0.2421	0.2581,0.2447	0.2615,0.2474	0.2649,0.2501	0.2683,0.2528	0.2717,0.2554	0.2751,0.2581	0.2785,0.2608	0.2819,0.2635	0.2842,0.265	0.2861,0.2669	0.289,0.2695	0.292,0.2722	0.2949,0.2748	0.2973,0.2773	0.3004,0.2797	0.3037,0.2821	0.307,0.2845	0.3103,0.2869	0.3136,0.2893	0.317,0.2921	0.3209,0.2954	0.3203,0.2946	0.3218,0.295	0.3218,0.295	0.3218,0.295	0.3218,0.295	0.3218,0.295	0.3218,0.295	0.3218,0.295	0.3218,0.295	0.3218,0.295	0.3202,0.2922	0.3203,0.2902	0.3194,0.2876	0.3102,0.2835	0.3083,0.2805	0.3111,0.278	0.314,0.2755	0.3169,0.273	0.3198,0.2705	0.3226,0.2679	0.3273,0.2646	0.3358,0.2623	0.3397,0.2602	0.3408,0.2589	0.3424,0.2581	0.344,0.2572	0.3456,0.2564	0.3453,0.2546	0.3471,0.2526	0.3445,0.2496	0.3469,0.2473	0.349,0.2448	0.3512,0.2418	0.3535,0.2386	0.355,0.2351	0.3564,0.2327	0.3583,0.2301	0.3612,0.2274	0.3617,0.2247	0.3584,0.2221	0.3636,0.2205	0.3679,0.22	0.3685,0.2192	0.369,0.2186	0.3694,0.2179	0.3705,0.2179	0.3708,0.2176	0.3674,0.2168	0.3617,0.2162	0.3577,0.2169	0.3561,0.2177	0.358,0.2149	0.3595,0.2121	0.3629,0.2088	0.3641,0.2065	0.3638,0.2052	0.3654,0.2022	0.3683,0.1992	0.3719,0.1957	0.3758,0.1926	0.3786,0.1903	0.38,0.1889	0.3776,0.186	0.381,0.1832	0.3822,0.1811	0.3833,0.179	0.3837,0.178	0.3842,0.1762	0.3845,0.1754	0.3848,0.1747	0.3841,0.1726	0.3846,0.1714	0.385,0.1703	0.3845,0.1691	0.3854,0.1674	0.3859,0.1662	0.3863,0.165	0.3868,0.1638	0.3861,0.1618	0.3863,0.161	0.387,0.1593	0.3875,0.1579	0.3882,0.1563	0.39,0.1515	0.3916,0.1488	0.392,0.1479	0.3923,0.1472	0.3926,0.1464	0.3913,0.1458	0.392,0.1439	0.3854,0.1441	0.3873,0.1429	0.389,0.1427	0.3899,0.1422	0.3901,0.1419	0.3901,0.1418	0.3889,0.1425	0.3889,0.1425	0.3899,0.1411	0.3951,0.1379	0.3954,0.1372	0.3957,0.1366	0.3959,0.136	0.3961,0.1355	0.3963,0.135	0.3965,0.1344	0.3948,0.1344	0.3929,0.1349	0.3875,0.1334	0.3818,0.1331	0.3769,0.1318	0.3737,0.1296	0.3738,0.1304	0.3737,0.1307	0.3735,0.1311	0.3737,0.1316	0.3715,0.1335	0.3702,0.1348	0.3702,0.1348	0.3719,0.1342	0.3699,0.1331	0.3697,0.1334	0.3695,0.1325	0.3693,0.1322	0.3695,0.1328	0.3695,0.1329	0.3711,0.1346	0.3734,0.1395	0.3725,0.1404	0.3735,0.14	0.3789,0.1387	0.3853,0.1387	0.3921,0.1401	0.3917,0.1405	0.3912,0.1418	0.3905,0.1455	0.3894,0.1455	0.3889,0.1466	0.3884,0.1519	0.3884,0.1535	0.3882,0.154	0.3884,0.1548	0.3879,0.1534	0.3875,0.1545	0.387,0.1557	0.3866,0.1568	0.3861,0.158	0.386,0.1596	0.3852,0.1616	0.3844,0.1637	0.3835,0.1658	0.3827,0.168	0.3839,0.1722	0.3878,0.1788	0.3924,0.182	0.3966,0.1856	0.3976,0.1863	0.3976,0.1863	0.4011,0.1884	0.4029,0.1904	0.4027,0.1907	0.4025,0.1911	0.4023,0.1914	0.4021,0.1918	0.4019,0.1921	0.4021,0.1928	0.4016,0.1938	0.401,0.1949	0.4004,0.1959	0.3998,0.197	0.3992,0.1981	0.3986,0.1992	0.397,0.2008	0.3964,0.2017	0.3959,0.2026	0.3955,0.2034	0.3939,0.2038	0.3873,0.2045	0.3855,0.2071	0.388,0.2107	0.3903,0.2128	0.3898,0.2133	0.3881,0.2136	0.3867,0.2158	0.3868,0.2192	0.3867,0.2194	0.3867,0.2194	0.3867,0.2194	0.3867,0.2194	0.3867,0.2194	0.3867,0.2194	0.3863,0.2201	0.3863,0.2201	0.3863,0.2201	0.3864,0.2217	0.3857,0.2229	0.3852,0.224	0.3845,0.2251	0.3838,0.2265	0.383,0.2279	0.3823,0.2293	0.3815,0.2306	0.3818,0.2315	0.3816,0.2319	0.3813,0.2325	0.3822,0.2301	0.3827,0.2292	0.383,0.2292	0.3835,0.2293	0.3835,0.2293	0.3834,0.2294	0.3834,0.2295	0.3833,0.2296	0.3833,0.2296	0.3833,0.2296	0.3833,0.2296	0.3833,0.2296	0.3832,0.2298	0.3832,0.2298	0.3826,0.2303	0.3827,0.2316	0.3822,0.2325	0.3782,0.2319	0.377,0.2328	0.3777,0.2359	0.3765,0.2381	0.3753,0.2403	0.3735,0.2423	0.3725,0.2444	0.3717,0.246	0.3702,0.2472	0.369,0.2487	0.3685,0.2495	0.3675,0.2509	0.3662,0.2521	0.3651,0.2537	0.3637,0.2556	0.3623,0.2574	0.361,0.2593	0.3596,0.2612	0.3583,0.2631	0.3569,0.2649	0.3563,0.2657	0.3558,0.2665	0.3549,0.2677	0.354,0.269	0.3531,0.2702	0.3521,0.2714	0.3506,0.2697	0.3479,0.2684	0.3467,0.2701	0.3455,0.2717	0.3444,0.2733	0.3433,0.2748	0.3421,0.2764	0.341,0.278	0.3398,0.2796	0.3392,0.2834	0.3388,0.2891	0.3356,0.2926	0.3339,0.2947	0.3314,0.2968	0.3294,0.2995	0.3274,0.3016	0.325,0.3042	0.3224,0.3069	0.3199,0.3096	0.3174,0.3123	0.3149,0.315	0.3124,0.3176	0.3107,0.3209	0.3084,0.3231	0.3064,0.3247	0.3053,0.3257	0.3048,0.326	0.3038,0.3273	0.3027,0.3283	0.3015,0.3292	0.3004,0.3301	0.2993,0.331	0.298,0.3321	0.2938,0.3356	0.2915,0.3363	0.2893,0.3373	0.2885,0.3387	0.2887,0.3407	0.2921,0.3406	0.2952,0.338	0.2983,0.3355	0.3014,0.3329	0.3039,0.3303	0.3062,0.3278	0.3086,0.3253	0.311,0.3228	0.3133,0.3203	0.3157,0.3178	0.318,0.3152	0.32,0.3118	0.3221,0.3095	0.324,0.3075	0.3266,0.306	0.3309,0.3049	0.3354,0.302	0.3376,0.2969	0.3406,0.2937	0.3431,0.2905	0.3454,0.2874	0.3477,0.2842	0.3499,0.2811	0.3522,0.278	0.3545,0.2748	0.3567,0.2717	0.359,0.2686	0.3618,0.2657	0.3642,0.2624	0.3667,0.259	0.3685,0.2547	0.3704,0.2512	0.3722,0.2486	0.3741,0.246	0.3756,0.2436
24	-0.2067,0.2297	-0.2054,0.2266	-0.2028,0.2216	-0.2011,0.217	-0.1996,0.2115	-0.1981,0.2061	-0.1966,0.2006	-0.1951,0.1952	-0.1936,0.1897	-0.1926,0.1846	-0.1919,0.179	-0.1912,0.1734	-0.1906,0.1678	-0.1899,0.1624	-0.1888,0.1569	-0.1877,0.1514	-0.1867,0.1458	-0.1856,0.1403	-0.1845,0.1347	-0.1834,0.1292	-0.1819,0.1249	-0.179,0.1201	-0.176,0.1153	-0.173,0.1108	-0.1698,0.1068	-0.1658,0.1027	-0.1619,0.09868	-0.1579,0.09464	-0.154,0.0906	-0.15,0.08656	-0.1461,0.08252	-0.1421,0.07848	-0.1382,0.07445	-0.1344,0.07052	-0.1308,0.06621	-0.1285,0.06237	-0.1294,0.05975	-0.1304,0.05712	-0.1313,0.0545	-0.1324,0.05224	-0.1332,0.0533	-0.1339,0.05373	-0.1355,0.05229	-0.1384,0.04894	-0.1412,0.04474	-0.144,0.0395	-0.1475,0.03481	-0.1506,0.03151	-0.1539,0.02677	-0.1567,0.02358	-0.1595,0.02039	-0.1623,0.0172	-0.1651,0.01401	-0.1679,0.01082	-0.1707,0.007635	-0.1735,0.004447	-0.1763,0.001258	-0.1791,-0.00193	-0.1819,-0.005118	-0.1847,-0.008307	-0.1884,-0.01138	-0.1906,-0.0173	-0.1919,-0.02332	-0.1924,-0.02877	-0.1942,-0.02926	-0.1959,-0.02948	-0.1977,-0.0297	-0.1995,-0.02992	-0.1999,-0.03138	-0.2003,-0.03119	-0.2008,-0.03124	-0.2012,-0.03127	-0.2016,-0.0313	-0.2021,-0.03133	-0.201,-0.03113	-0.2005,-0.03087	-0.1999,-0.03059	-0.1993,-0.03031	-0.1988,-0.03003	-0.1982,-0.02976	-0.1938,-0.03068	-0.1884,-0.0323	-0.1829,-0.03391	-0.1775,-0.03553	-0.1723,-0.03678	-0.1667,-0.038	-0.1612,-0.03922	-0.1557,-0.04043	-0.1502,-0.04165	-0.1452,-0.04296	-0.1401,-0.04489	-0.1347,-0.04651	-0.1293,-0.04813	-0.1239,-0.04974	-0.1185,-0.05136	-0.1131,-0.05297	-0.1076,-0.05458	-0.1022,-0.0562	-0.09682,-0.05781	-0.09141,-0.05943	-0.086,-0.06104	-0.08059,-0.06265	-0.07574,-0.06392	-0.07036,-0.06402	-0.06472,-0.06402	-0.05907,-0.06402	-0.05342,-0.06402	-0.04778,-0.06402	-0.04213,-0.06402	-0.03648,-0.06402	-0.03275,-0.06477	-0.02952,-0.0682	-0.02821,-0.06934	-0.02783,-0.06922	-0.02743,-0.06909	-0.0269,-0.06894	-0.02625,-0.06875	-0.02594,-0.06602	-0.02558,-0.0658	-0.02522,-0.06586	-0.02468,-0.06575	-0.02291,-0.0581	-0.02175,-0.05866	-0.02168,-0.05864	-0.02168,-0.05864	-0.02168,-0.05864	-0.02168,-0.05864	-0.02168,-0.05864	-0.01908,-0.06235	-0.01719,-0.06207	-0.01455,-0.06229	-0.01172,-0.06251	-0.008353,-0.06308	-0.00439,-0.06418	0.0001192,-0.06602	0.004497,-0.06847	0.007773,-0.0675	0.01198,-0.06556	0.01592,-0.06529	0.02023,-0.06542	0.02493,-0.06613	0.02988,-0.06755	0.03489,-0.0698	0.03983,-0.07254	0.04242,-0.0752	0.04409,-0.07692	0.04816,-0.07765	0.05044,-0.07957	0.05191,-0.08204	0.05387,-0.0851	0.05477,-0.08626	0.0552,-0.0863	0.05377,-0.08943	0.05513,-0.0929	0.05807,-0.09711	0.06196,-0.09756	0.06373,-0.0977	0.0657,-0.09313	0.06765,-0.08845	0.06961,-0.08376	0.07212,-0.07636	0.07448,-0.06571	0.07975,-0.06197	0.08519,-0.06026	0.08933,-0.0584	0.09343,-0.05491	0.09751,-0.05129	0.1014,-0.04729	0.1054,-0.04325	0.1093,-0.03921	0.1133,-0.03517	0.1172,-0.03113	0.1212,-0.02709	0.1251,-0.02305	0.1291,-0.01901	0.133,-0.01497	0.137,-0.01093	0.1409,-0.006891	0.1446,-0.003625	0.1494,-0.0005305	0.1541,0.002563	0.1585,0.005717	0.163,0.009144	0.1668,0.01269	0.1707,0.01673	0.1747,0.02077	0.1786,0.02481	0.1825,0.02885	0.1865,0.03289	0.1904,0.03693	0.1944,0.04097	0.1983,0.04501	0.2023,0.04905	0.2062,0.05309	0.2102,0.05713	0.214,0.06103	0.2177,0.06356	0.223,0.06556	0.2282,0.06756	0.2335,0.06957	0.2388,0.07157	0.2441,0.07357	0.2494,0.07557	0.2546,0.07757	0.2599,0.07958	0.2652,0.08158	0.2705,0.08358	0.2758,0.08558	0.281,0.08758	0.2856,0.08894	0.2912,0.08937	0.2968,0.08978	0.3025,0.09018	0.3081,0.09059	0.3136,0.09099	0.3192,0.09101	0.3248,0.09101	0.3305,0.09101	0.3361,0.09101	0.3417,0.09101	0.3474,0.09101	0.3529,0.09101	0.3585,0.09062	0.3641,0.09021	0.3697,0.0898	0.3753,0.08939	0.3803,0.08886	0.3844,0.08702	0.3882,0.08351	0.3922,0.07947	0.3957,0.07631	0.3999,0.07466	0.4044,0.07459	0.4066,0.07167	0.409,0.06698	0.4114,0.06848	0.4114,0.07079	0.4112,0.07232	0.411,0.07313	0.4108,0.07387	0.4106,0.07458	0.4104,0.07529	0.4102,0.07599	0.41,0.07669	0.4098,0.07713	0.4096,0.07808	0.4095,0.07942	0.4094,0.08194	0.4091,0.08325	0.4088,0.08453	0.4085,0.0858	0.4081,0.08707	0.4078,0.08834	0.4076,0.09108	0.4073,0.09218	0.4053,0.097	0.4052,0.0989	0.4038,0.09657	0.4037,0.09687	0.4036,0.09722	0.4035,0.09756	0.4033,0.09853	0.4032,0.1028	0.4033,0.1046	0.4003,0.1079	0.4003,0.1079	0.4003,0.1079	0.4007,0.1078	0.4048,0.1047	0.409,0.1045	0.414,0.1061	0.4197,0.1068	0.4253,0.1072	0.431,0.1076	0.4314,0.1076	0.4315,0.1076	0.4315,0.1076	0.4315,0.1075	0.4314,0.1073	0.4314,0.107	0.4314,0.107	0.4314,0.107	0.4314,0.107	0.4314,0.107	0.4314,0.107	0.4314,0.107	0.4314,0.107	0.4316,0.1071	0.4324,0.1066	0.433,0.1054	0.4334,0.1039	0.4361,0.1021	0.4392,0.09892	0.4411,0.09482	0.4414,0.09032	0.44,0.08602	0.4373,0.08246	0.4334,0.08012	0.429,0.07929	0.4243,0.08001	0.4203,0.08204	0.4173,0.08536	0.4156,0.08955	0.4155,0.09423	0.4163,0.09982	0.4172,0.1054	0.418,0.111	0.4188,0.1166	0.4181,0.119	0.4172,0.1211	0.4164,0.1233	0.4155,0.1254	0.411,0.1264	0.4063,0.1264	0.3992,0.1289	0.3967,0.1304	0.3967,0.1303	0.3967,0.1303	0.3967,0.1303	0.3967,0.1303	0.3967,0.1303	0.3967,0.1303	0.3971,0.1304	0.3971,0.1304	0.3971,0.1304	0.3971,0.1304	0.3974,0.1304	0.3979,0.1308	0.3981,0.131	0.4007,0.1332	0.3999,0.137	0.3987,0.1402	0.3973,0.1436	0.3962,0.1463	0.3957,0.1472	0.3952,0.148	0.3944,0.1509	0.394,0.1535	0.3928,0.1566	0.3871,0.1602	0.3814,0.1655	0.3768,0.1718	0.3765,0.1725	0.3765,0.172	0.3762,0.1728	0.3761,0.173	0.3761,0.173	0.3761,0.173	0.3761,0.173	0.3761,0.173	0.3764,0.1734	0.3782,0.1753	0.3781,0.1805	0.3777,0.1861	0.3741,0.1888	0.3734,0.1903	0.3728,0.1914	0.372,0.1935	0.3712,0.1949	0.3705,0.1962	0.3697,0.1976	0.369,0.1989	0.3664,0.201	0.365,0.2028	0.3647,0.2033	0.36,0.2057	0.3587,0.2075	0.3586,0.2079	0.3585,0.2085	0.3585,0.2085	0.3584,0.2087	0.3584,0.2087	0.3583,0.2088	0.3583,0.2088	0.3583,0.2088	0.3583,0.2088	0.3583,0.2088	0.3585,0.2101	0.3585,0.2101	0.3575,0.2109	0.3573,0.2135	0.3568,0.2144	0.353,0.214	0.3524,0.2156	0.3531,0.2195	0.3519,0.2217	0.3507,0.2239	0.3489,0.2261	0.3479,0.2282	0.3469,0.2301	0.3458,0.2301	0.3447,0.2316	0.3428,0.2351	0.3418,0.2364	0.3405,0.2366	0.3394,0.2385	0.3381,0.2404	0.3367,0.2422	0.3353,0.2441	0.334,0.246	0.3326,0.2479	0.3312,0.2497	0.328,0.2546	0.3263,0.2584	0.3254,0.2596	0.3246,0.2608	0.3237,0.2621	0.3226,0.263	0.3179,0.2627	0.3118,0.2638	0.3108,0.2655	0.3096,0.2671	0.3085,0.2686	0.3073,0.2702	0.3062,0.2718	0.305,0.2733	0.3039,0.2749	0.305,0.2748	0.3084,0.2749	0.3112,0.2721	0.31,0.2733	0.3075,0.2753	0.3055,0.2781	0.3035,0.2802	0.301,0.2828	0.2985,0.2855	0.296,0.2882	0.2935,0.2909	0.291,0.2936	0.2885,0.2962	0.2872,0.2975	0.2849,0.2996	0.283,0.3012	0.2818,0.3022	0.2795,0.304	0.2786,0.3045	0.2775,0.3055	0.2763,0.3064	0.2752,0.3073	0.2741,0.3082	0.2733,0.3092	0.2755,0.3093	0.2725,0.3119	0.2693,0.3157	0.2674,0.3197	0.2667,0.3242	0.2663,0.3296	0.265,0.3346	0.2634,0.34	0.2618,0.3454	0.2602,0.3508	0.2585,0.3562	0.2569,0.3616	0.2553,0.367	0.2527,0.3696	0.2499,0.3714	0.2458,0.3724	0.2439,0.3736	0.242,0.3748	0.2401,0.376	0.2382,0.3772	0.2363,0.3784	0.2344,0.3796	0.2325,0.3808	0.2306,0.382	0.2287,0.3832	0.2257,0.384	0.2237,0.3847	0.2235,0.3848	0.2233,0.3849	0.2231,0.385	0.2221,0.3853	0.2217,0.3855	0.2217,0.3855	0.2217,0.3855	0.2217,0.3855	0.2217,0.3855	0.2219,0.3855	0.2219,0.3855	0.2219,0.3855	0.2219,0.3855
25	0.05121,-0.2658	0.05342,-0.263	0.05672,-0.2584	0.06001,-0.2538	0.0633,-0.2492	0.06659,-0.2446	0.06988,-0.24	0.07317,-0.2354	0.07646,-0.2308	0.07975,-0.2263	0.08304,-0.2217	0.08633,-0.2171	0.08962,-0.2125	0.09291,-0.2079	0.0962,-0.2033	0.09949,-0.1987	0.1024,-0.1941	0.1053,-0.1893	0.1083,-0.1845	0.1111,-0.1831	0.1127,-0.1831	0.1153,-0.183	0.1159,-0.1827	0.119,-0.1829	0.121,-0.1828	0.1247,-0.1835	0.1263,-0.1837	0.1296,-0.1844	0.1354,-0.1852	0.1361,-0.1861	0.1365,-0.187	0.1369,-0.1879	0.1374,-0.1888	0.1378,-0.1897	0.1382,-0.1906	0.1422,-0.1908	0.145,-0.1905	0.143,-0.1908	0.1389,-0.1906	0.1336,-0.1912	0.1279,-0.1919	0.1223,-0.1926	0.1169,-0.1933	0.1114,-0.1944	0.1059,-0.1955	0.1004,-0.1966	0.09482,-0.1977	0.08929,-0.1989	0.08375,-0.2	0.07821,-0.2011	0.07268,-0.2022	0.06714,-0.2033	0.06161,-0.2044	0.05632,-0.2056	0.05088,-0.2072	0.04544,-0.2087	0.04,-0.2102	0.03456,-0.2117	0.02912,-0.2132	0.02425,-0.2144	0.01976,-0.214	0.01473,-0.2121	0.009488,-0.21	0.004246,-0.2079	-0.0009958,-0.2058	-0.006238,-0.2037	-0.01148,-0.2016	-0.01672,-0.1995	-0.02196,-0.1974	-0.02671,-0.1953	-0.03159,-0.1925	-0.03648,-0.1897	-0.04136,-0.1868	-0.04624,-0.184	-0.05113,-0.1811	-0.05601,-0.1783	-0.06054,-0.1753	-0.0652,-0.1721	-0.06987,-0.169	-0.07443,-0.166	-0.07931,-0.1632	-0.08419,-0.1604	-0.08908,-0.1575	-0.09396,-0.1547	-0.09885,-0.1519	-0.1037,-0.149	-0.1086,-0.1462	-0.1132,-0.1436	-0.1181,-0.1422	-0.1236,-0.1408	-0.1291,-0.1395	-0.1346,-0.1382	-0.1399,-0.1372	-0.1455,-0.1362	-0.151,-0.1353	-0.1566,-0.1344	-0.1622,-0.1335	-0.1678,-0.1326	-0.1727,-0.1319	-0.1783,-0.1322	-0.184,-0.1325	-0.1894,-0.1328	-0.1944,-0.1339	-0.1999,-0.1354	-0.2053,-0.137	-0.2108,-0.1385	-0.2162,-0.14	-0.2216,-0.1415	-0.2271,-0.143	-0.2325,-0.1445	-0.237,-0.1461	-0.2411,-0.1493	-0.2454,-0.153	-0.2497,-0.1566	-0.2539,-0.1597	-0.2586,-0.1627	-0.2634,-0.1657	-0.2682,-0.1687	-0.273,-0.1717	-0.2778,-0.1747	-0.2825,-0.1777	-0.2873,-0.1807	-0.2921,-0.1838	-0.2965,-0.1869	-0.3011,-0.1902	-0.3056,-0.1936	-0.3102,-0.1969	-0.3147,-0.2003	-0.3191,-0.2035	-0.3224,-0.2071	-0.3258,-0.2116	-0.3289,-0.2161	-0.3319,-0.2209	-0.335,-0.2256	-0.3381,-0.2304	-0.3411,-0.2351	-0.3442,-0.2398	-0.3473,-0.2446	-0.3511,-0.2477	-0.3554,-0.2497	-0.3597,-0.2516	-0.364,-0.2536	-0.3653,-0.2542	-0.3674,-0.253	-0.369,-0.2546	-0.3695,-0.2539	-0.3695,-0.2539	-0.3697,-0.2545	-0.3697,-0.2545	-0.3693,-0.2541	-0.3693,-0.2541	-0.3693,-0.2541	-0.3693,-0.2541	-0.3693,-0.2541	-0.3693,-0.2541	-0.37,-0.2531	-0.3713,-0.2513	-0.3716,-0.251	-0.3725,-0.2497	-0.3734,-0.2485	-0.3743,-0.2473	-0.3748,-0.2446	-0.3761,-0.2387	-0.3774,-0.2351	-0.3792,-0.2328	-0.3812,-0.2313	-0.3845,-0.2298	-0.3883,-0.2275	-0.3912,-0.2241	-0.3927,-0.2198	-0.3926,-0.2153	-0.391,-0.2099	-0.3888,-0.2047	-0.3866,-0.1995	-0.3843,-0.1943	-0.3822,-0.1893	-0.3807,-0.1841	-0.3793,-0.1787	-0.3778,-0.1732	-0.3764,-0.1684	-0.3738,-0.1634	-0.3712,-0.1584	-0.3686,-0.1534	-0.366,-0.1484	-0.3634,-0.1434	-0.3616,-0.139	-0.359,-0.1353	-0.3549,-0.1315	-0.3507,-0.1277	-0.3465,-0.124	-0.3442,-0.1219	-0.3443,-0.1219	-0.3443,-0.1218	-0.3443,-0.1218	-0.3444,-0.1217	-0.3444,-0.1217	-0.3444,-0.1217	-0.3436,-0.1229	-0.3456,-0.1239	-0.35,-0.127	-0.3588,-0.1237	-0.3639,-0.1251	-0.3679,-0.1284	-0.3731,-0.1291	-0.3778,-0.1304	-0.3818,-0.1339	-0.3855,-0.1357	-0.3889,-0.1384	-0.3927,-0.1413	-0.3961,-0.1461	-0.3999,-0.1489	-0.4038,-0.1517	-0.4076,-0.1545	-0.4115,-0.1573	-0.4154,-0.1601	-0.4192,-0.1629	-0.4231,-0.1657	-0.4269,-0.1685	-0.4299,-0.1708	-0.4298,-0.1712	-0.4296,-0.1716	-0.4292,-0.1722	-0.4289,-0.1729	-0.4287,-0.1737	-0.4284,-0.1742	-0.4282,-0.1748	-0.428,-0.1754	-0.4274,-0.177	-0.4267,-0.1791	-0.4264,-0.1797	-0.4262,-0.1803	-0.4259,-0.1809	-0.4263,-0.1786	-0.4252,-0.1812	-0.4247,-0.1825	-0.4248,-0.179	-0.4236,-0.1807	-0.4228,-0.1826	-0.422,-0.1846	-0.4218,-0.1841	-0.4196,-0.1818	-0.4206,-0.1827	-0.4201,-0.1839	-0.4181,-0.1886	-0.4173,-0.1901	-0.4172,-0.1903	-0.4166,-0.1915	-0.416,-0.1925	-0.4151,-0.1942	-0.4147,-0.1971	-0.4142,-0.2003	-0.4141,-0.2006	-0.414,-0.2008	-0.4144,-0.2	-0.4145,-0.1999	-0.414,-0.2007	-0.4137,-0.1994	-0.4126,-0.1992	-0.412,-0.1998	-0.4105,-0.202	-0.4088,-0.2051	-0.407,-0.2084	-0.4038,-0.2096	-0.4004,-0.2116	-0.3986,-0.2145	-0.3972,-0.2165	-0.3953,-0.2201	-0.394,-0.2219	-0.3927,-0.2238	-0.3906,-0.228	-0.3883,-0.2316	-0.3868,-0.2336	-0.3882,-0.2384	-0.388,-0.2429	-0.3876,-0.248	-0.3859,-0.2528	-0.3849,-0.2553	-0.3837,-0.2562	-0.381,-0.2567	-0.3798,-0.2584	-0.3787,-0.2595	-0.3776,-0.261	-0.3765,-0.2626	-0.3754,-0.264	-0.3744,-0.2652	-0.3733,-0.2663	-0.3723,-0.2674	-0.3713,-0.2686	-0.37,-0.268	-0.3677,-0.2681	-0.3644,-0.2682	-0.3631,-0.2693	-0.3616,-0.2704	-0.3602,-0.2719	-0.3579,-0.2722	-0.3567,-0.2734	-0.3557,-0.274	-0.3554,-0.2742	-0.3551,-0.2727	-0.3497,-0.271	-0.3471,-0.2714	-0.3464,-0.2724	-0.3456,-0.2727	-0.3429,-0.2707	-0.3408,-0.2713	-0.3399,-0.2713	-0.3393,-0.2717	-0.3393,-0.2717	-0.3393,-0.2717	-0.339,-0.2716	-0.3367,-0.2722	-0.3329,-0.2697	-0.3256,-0.2655	-0.3205,-0.2662	-0.3152,-0.2678	-0.3098,-0.2694	-0.3044,-0.271	-0.2992,-0.2727	-0.2936,-0.2749	-0.2884,-0.2785	-0.2841,-0.2827	-0.2786,-0.2839	-0.2731,-0.285	-0.2676,-0.2862	-0.2622,-0.2875	-0.2568,-0.2885	-0.2513,-0.2897	-0.2457,-0.2909	-0.2403,-0.2916	-0.2348,-0.2922	-0.2293,-0.2928	-0.2237,-0.2934	-0.2184,-0.2942	-0.2129,-0.2952	-0.2081,-0.2958	-0.2036,-0.2964	-0.1994,-0.2975	-0.194,-0.2979	-0.1885,-0.2982	-0.1829,-0.2983	-0.1782,-0.2979	-0.1738,-0.2982	-0.1691,-0.2977	-0.1646,-0.2978	-0.1607,-0.2976	-0.1603,-0.2997	-0.1564,-0.2998	-0.1513,-0.2979	-0.1461,-0.2959	-0.1408,-0.2938	-0.1355,-0.2918	-0.1303,-0.2898	-0.125,-0.2877	-0.1197,-0.2857	-0.1145,-0.2837	-0.1092,-0.2816	-0.1039,-0.2796	-0.09866,-0.2776	-0.09339,-0.2755	-0.08812,-0.2735	-0.08285,-0.2715	-0.07759,-0.2694	-0.07232,-0.2674	-0.06705,-0.2654	-0.06195,-0.2635	-0.05654,-0.2619	-0.05114,-0.2602	-0.04574,-0.2586	-0.04052,-0.257	-0.03656,-0.2548	-0.03363,-0.2514	-0.0321,-0.2472	-0.03201,-0.242	-0.03218,-0.2364	-0.03234,-0.2307	-0.03251,-0.2251	-0.03268,-0.2195	-0.03232,-0.2143	-0.03167,-0.2087	-0.03102,-0.2031	-0.03037,-0.1975	-0.02972,-0.1918	-0.02907,-0.1862	-0.02797,-0.1812	-0.02652,-0.1757	-0.02506,-0.1702	-0.02361,-0.1648	-0.02239,-0.1597	-0.02244,-0.1548	-0.02302,-0.1492	-0.02359,-0.1436	-0.02417,-0.1379	-0.02475,-0.1323	-0.02532,-0.1267	-0.0259,-0.1211	-0.02696,-0.1167	-0.02945,-0.1116	-0.03198,-0.1066	-0.03451,-0.1015	-0.03704,-0.09649	-0.03957,-0.09145	-0.0421,-0.0864	-0.04463,-0.08135	-0.04716,-0.0763	-0.04969,-0.07125	-0.05207,-0.06638	-0.05423,-0.06116	-0.05639,-0.05594	-0.05854,-0.05072	-0.06099,-0.04615	-0.06388,-0.0413	-0.06677,-0.03645	-0.06966,-0.03159	-0.07255,-0.02674	-0.07544,-0.02189	-0.07833,-0.01704	-0.08105,-0.01257	-0.08432,-0.009469	-0.08916,-0.006634	-0.09405,-0.003796	-0.09893,-0.000959	-0.1038,0.001878	-0.1087,0.004716	-0.1136,0.007553	-0.1185,0.01039	-0.1233,0.01323	-0.1273,0.01593	-0.1299,0.01958	-0.1311,0.02393	-0.1306,0.02841	-0.1286,0.03244	-0.1253,0.0355	-0.1206,0.03758	-0.1153,0.03961	-0.1101,0.04165	-0.1054,0.04361	-0.1008,0.0467	-0.09606,0.04982	-0.09136,0.05294	-0.08681,0.05596	-0.08236,0.05938	-0.07789,0.06283	-0.07343,0.06629	-0.06896,0.06975	-0.06449,0.0732	-0.06003,0.07666	-0.05556,0.08011	-0.05109,0.08357	-0.04678,0.08691	-0.04259,0.09064	-0.03838,0.09441	-0.03477,0.09813	-0.03115,0.1025	-0.02811,0.1067	-0.02516,0.1115	-0.0222,0.1163	-0.01925,0.1211	-0.0163,0.1259	-0.01335,0.1307	-0.0104,0.1356	-0.007447,0.1404	-0.004495,0.1452	-0.001544,0.15	0.001408,0.1548	0.004359,0.1596	0.006999,0.1644	0.009594,0.1694	0.01219,0.1744	0.01478,0.1794	0.01738,0.1844	0.01997,0.1894	0.02257,0.1945	0.02539,0.1985	0.029,0.2029	0.03262,0.2072	0.03624,0.2115	0.0391,0.2156	0.0417,0.2206	0.0443,0.2256	0.04689,0.2306	0.04949,0.2356
26	0.2958,-0.05754	0.2994,-0.05704	0.3041,-0.0573	0.3096,-0.05847	0.3151,-0.05965	0.3207,-0.06082	0.3262,-0.062	0.3317,-0.06318	0.3372,-0.06435	0.3428,-0.06553	0.3477,-0.06711	0.353,-0.06907	0.3583,-0.07103	0.3636,-0.07299	0.3689,-0.07495	0.374,-0.07685	0.3786,-0.07779	0.3837,-0.07956	0.3886,-0.08146	0.3906,-0.08252	0.3951,-0.08223	0.3999,-0.08024	0.405,-0.07782	0.4101,-0.07541	0.4152,-0.07299	0.4203,-0.07057	0.4254,-0.06815	0.4305,-0.06573	0.4356,-0.06332	0.4407,-0.0609	0.4422,-0.05892	0.4425,-0.05672	0.4428,-0.05449	0.4431,-0.05227	0.4438,-0.04998	0.4441,-0.04738	0.4441,-0.04439	0.4443,-0.04214	0.4446,-0.03992	0.444,-0.03687	0.4445,-0.03516	0.4447,-0.03374	0.4449,-0.03231	0.4449,-0.03137	0.4452,-0.03046	0.4452,-0.02933	0.4452,-0.02819	0.4452,-0.02704	0.4452,-0.0259	0.4452,-0.02476	0.4452,-0.02362	0.4452,-0.02247	0.4452,-0.02133	0.4452,-0.02019	0.4452,-0.01905	0.4452,-0.0179	0.4452,-0.01676	0.4452,-0.01562	0.4452,-0.01448	0.4443,-0.01205	0.4447,-0.01094	0.4447,-0.01109	0.4444,-0.01197	0.4444,-0.01197	0.4443,-0.0121	0.4443,-0.01221	0.4443,-0.01221	0.4443,-0.01221	0.4444,-0.01216	0.4444,-0.01215	0.4444,-0.01215	0.4444,-0.01215	0.4444,-0.01215	0.4444,-0.01215	0.4444,-0.01215	0.4444,-0.01215	0.4443,-0.01277	0.4443,-0.01284	0.4443,-0.01284	0.4443,-0.01284	0.4443,-0.01284	0.4443,-0.01284	0.4443,-0.01284	0.4444,-0.01288	0.4455,-0.0126	0.4471,-0.01046	0.4471,-0.007429	0.4471,-0.007629	0.4471,-0.008021	0.4471,-0.008263	0.4471,-0.00845	0.4471,-0.008616	0.4471,-0.008775	0.4471,-0.0085	0.4471,-0.008465	0.4471,-0.008561	0.4471,-0.009023	0.4471,-0.01064	0.4471,-0.01236	0.4471,-0.01409	0.4471,-0.01581	0.4452,-0.01922	0.4445,-0.01926	0.4445,-0.0191	0.4445,-0.01985	0.4445,-0.02028	0.4445,-0.02028	0.4445,-0.02028	0.4445,-0.02028	0.4441,-0.01929	0.4452,-0.02012	0.4462,-0.02041	0.4458,-0.02029	0.4453,-0.02004	0.4453,-0.02004	0.4449,-0.01996	0.4464,-0.01908	0.4482,-0.01702	0.4477,-0.01523	0.4477,-0.01423	0.4463,-0.01167	0.4463,-0.01163	0.4463,-0.01163	0.4463,-0.0107	0.4434,-0.005903	0.4382,-0.0004356	0.4385,0.003878	0.4429,0.006465	0.4439,0.009187	0.4428,0.01045	0.4449,0.01174	0.446,0.01345	0.4427,0.01578	0.44,0.01794	0.44,0.01815	0.4376,0.01914	0.4327,0.0214	0.4334,0.0204	0.4339,0.0167	0.4339,0.01651	0.4328,0.01638	0.433,0.01536	0.4329,0.01565	0.4328,0.01621	0.4325,0.01621	0.433,0.01517	0.4349,0.01491	0.4363,0.01463	0.4363,0.01463	0.4363,0.01463	0.4362,0.01586	0.4357,0.01951	0.4356,0.02032	0.4357,0.02001	0.4357,0.0201	0.4358,0.01959	0.4368,0.02032	0.4368,0.02133	0.4371,0.02298	0.4371,0.02429	0.4431,0.02731	0.4443,0.02916	0.444,0.03116	0.4438,0.0336	0.4435,0.0356	0.4433,0.03754	0.443,0.03997	0.4426,0.0425	0.4424,0.04454	0.4421,0.04681	0.4418,0.04944	0.4414,0.05214	0.4411,0.05483	0.4407,0.05754	0.4392,0.05993	0.4401,0.06301	0.4395,0.06632	0.4394,0.07101	0.4376,0.07383	0.4372,0.07538	0.4368,0.07682	0.4364,0.07824	0.4364,0.07903	0.438,0.07855	0.4379,0.07921	0.4377,0.08098	0.4374,0.08343	0.437,0.0858	0.4365,0.08759	0.4361,0.08921	0.4358,0.0903	0.4364,0.09079	0.4384,0.08933	0.4415,0.08708	0.442,0.08373	0.4422,0.08215	0.4423,0.08095	0.4425,0.07977	0.443,0.07589	0.4436,0.07063	0.4444,0.06451	0.4451,0.05876	0.4457,0.05455	0.4462,0.05035	0.4462,0.04594	0.4448,0.04094	0.4452,0.03826	0.4455,0.03573	0.4458,0.03326	0.4458,0.03134	0.4458,0.02948	0.447,0.02706	0.447,0.02612	0.447,0.02675	0.447,0.02781	0.447,0.02756	0.447,0.02734	0.447,0.02712	0.447,0.0269	0.447,0.02668	0.447,0.02646	0.4466,0.02603	0.4459,0.0272	0.4466,0.02765	0.4466,0.02765	0.448,0.02722	0.4486,0.02507	0.4486,0.0244	0.4486,0.02386	0.4475,0.0252	0.4481,0.02521	0.4481,0.02521	0.4481,0.02467	0.4481,0.02166	0.4481,0.01775	0.4481,0.0133	0.4481,0.009248	0.4481,0.00555	0.4481,0.001852	0.4481,-0.001845	0.4481,-0.005543	0.4481,-0.00924	0.4481,-0.01294	0.4481,-0.01664	0.4475,-0.02065	0.4472,-0.02361	0.4469,-0.02633	0.4466,-0.02905	0.4462,-0.03176	0.4459,-0.03448	0.4455,-0.0372	0.4452,-0.03992	0.4448,-0.04264	0.4441,-0.04567	0.4437,-0.04814	0.4434,-0.05049	0.4431,-0.05283	0.4432,-0.0554	0.4429,-0.05812	0.4426,-0.06084	0.4422,-0.06355	0.4428,-0.06651	0.4424,-0.06988	0.4419,-0.07331	0.4415,-0.07674	0.4408,-0.0797	0.4401,-0.08245	0.4394,-0.0852	0.4391,-0.08808	0.4384,-0.09104	0.4376,-0.09414	0.4368,-0.09724	0.436,-0.1003	0.4352,-0.1034	0.4344,-0.1065	0.4336,-0.1096	0.4314,-0.113	0.4297,-0.116	0.4294,-0.1169	0.4292,-0.1177	0.429,-0.1185	0.4288,-0.1194	0.4286,-0.1202	0.4284,-0.121	0.4282,-0.1218	0.4285,-0.123	0.4281,-0.1246	0.4277,-0.1262	0.4272,-0.1278	0.4268,-0.1294	0.4254,-0.1316	0.4247,-0.133	0.4247,-0.133	0.4247,-0.133	0.4247,-0.133	0.4247,-0.133	0.4244,-0.134	0.4244,-0.134	0.4244,-0.134	0.4244,-0.134	0.4244,-0.134	0.4244,-0.134	0.4244,-0.134	0.4244,-0.134	0.4244,-0.134	0.4244,-0.1339	0.425,-0.1332	0.4258,-0.1344	0.4253,-0.1356	0.4248,-0.1369	0.4243,-0.1381	0.4238,-0.1394	0.4233,-0.1407	0.4228,-0.142	0.4232,-0.1439	0.4226,-0.1466	0.4216,-0.1493	0.4205,-0.152	0.4185,-0.1548	0.4167,-0.1574	0.4167,-0.1591	0.4179,-0.1626	0.4182,-0.1671	0.4173,-0.1725	0.4154,-0.1774	0.4135,-0.1822	0.4116,-0.1868	0.41,-0.191	0.407,-0.1955	0.4042,-0.2004	0.4014,-0.2053	0.3986,-0.2102	0.3958,-0.2151	0.3929,-0.22	0.3901,-0.2249	0.3873,-0.2298	0.3845,-0.2347	0.3817,-0.2396	0.3789,-0.2445	0.376,-0.2494	0.3732,-0.2542	0.3705,-0.259	0.3648,-0.2615	0.3598,-0.2641	0.3568,-0.2663	0.3561,-0.2673	0.3554,-0.2683	0.3547,-0.2693	0.354,-0.2702	0.3533,-0.2712	0.3526,-0.2721	0.3519,-0.2731	0.3512,-0.2741	0.3505,-0.275	0.35,-0.2762	0.3491,-0.2774	0.3482,-0.2787	0.3475,-0.2803	0.3465,-0.2815	0.3456,-0.2825	0.3447,-0.2834	0.3438,-0.2844	0.3426,-0.2853	0.3411,-0.2863	0.3398,-0.2873	0.34,-0.2872	0.34,-0.2872	0.34,-0.2872	0.34,-0.2872	0.3393,-0.2878	0.3393,-0.2882	0.3393,-0.2882	0.3394,-0.2881	0.3394,-0.2881	0.3394,-0.288	0.3395,-0.288	0.3395,-0.2879	0.3396,-0.2879	0.3396,-0.2878	0.3397,-0.2876	0.3406,-0.2865	0.3412,-0.2876	0.3412,-0.2908	0.3394,-0.2944	0.3365,-0.2974	0.3337,-0.3005	0.3308,-0.3035	0.3279,-0.3066	0.325,-0.3097	0.3222,-0.3127	0.3193,-0.3158	0.3164,-0.3188	0.3136,-0.3219	0.3119,-0.326	0.3086,-0.3303	0.3047,-0.334	0.3007,-0.3373	0.2967,-0.3406	0.2927,-0.3439	0.2869,-0.3456	0.2826,-0.3476	0.2798,-0.3499	0.277,-0.3523	0.2741,-0.3546	0.2713,-0.3569	0.2685,-0.3591	0.2647,-0.36	0.261,-0.3608	0.2599,-0.3613	0.2599,-0.3613	0.2599,-0.3613	0.2599,-0.3613	0.2599,-0.3613	0.2599,-0.3613	0.2599,-0.3613	0.2596,-0.3615	0.2596,-0.3615	0.2596,-0.3615	0.2596,-0.3615	0.2596,-0.3615	0.2596,-0.3615	0.2598,-0.3613	0.2599,-0.3613	0.2599,-0.3613	0.2599,-0.3613	0.2599,-0.3613	0.2599,-0.3613	0.2599,-0.3613	0.2599,-0.3613	0.2599,-0.3613	0.2599,-0.3613	0.2599,-0.3613	0.2599,-0.3613	0.2596,-0.3615	0.2596,-0.3615	0.2596,-0.3615	0.2596,-0.3615	0.2596,-0.3615	0.2596,-0.3615	0.2596,-0.3615	0.2596,-0.3615	0.2597,-0.3614	0.2597,-0.3614	0.2597,-0.3614	0.2597,-0.3614	0.2597,-0.3614	0.2597,-0.3614	0.2597,-0.3614	0.2597,-0.3614	0.2597,-0.3614	0.2597,-0.3614	0.2597,-0.3614	0.2597,-0.3614	0.2596,-0.3616	0.2596,-0.3616	0.2596,-0.3616	0.2596,-0.3616	0.2596,-0.3616	0.2596,-0.3616	0.2596,-0.3617	0.2596,-0.3617	0.2596,-0.3617	0.2596,-0.3617	0.2596,-0.3617	0.2596,-0.3617	0.2596,-0.3617	0.2596,-0.3617	0.2599,-0.362	0.2599,-0.362	0.2599,-0.362	0.2599,-0.362	0.2599,-0.362	0.2599,-0.362	0.2599,-0.362	0.2599,-0.362	0.2599,-0.362	0.2599,-0.362	0.2613,-0.3625	0.2648,-0.3626	0.2677,-0.3603	0.2706,-0.3578
27	-0.1485,0.4296	-0.1516,0.4274	-0.1562,0.4241	-0.1608,0.4208	-0.1653,0.4174	-0.1699,0.4141	-0.1745,0.4108	-0.1791,0.4075	-0.1836,0.4042	-0.1882,0.4009	-0.1928,0.3976	-0.1968,0.3954	-0.2022,0.3939	-0.2076,0.3925	-0.2131,0.391	-0.2185,0.3895	-0.224,0.388	-0.2294,0.3866	-0.2347,0.3849	-0.2389,0.3823	-0.2431,0.3796	-0.2473,0.3769	-0.2515,0.3743	-0.2557,0.3716	-0.2597,0.3688	-0.2632,0.3659	-0.2667,0.363	-0.2702,0.3601	-0.2732,0.3561	-0.2763,0.3536	-0.2794,0.3511	-0.2824,0.3485	-0.2851,0.3449	-0.2877,0.3427	-0.2906,0.341	-0.2934,0.3387	-0.2966,0.3367	-0.2997,0.3342	-0.3026,0.3316	-0.3049,0.3291	-0.3073,0.3266	-0.3096,0.3242	-0.3135,0.3227	-0.317,0.3196	-0.3202,0.3163	-0.3233,0.3129	-0.3271,0.3104	-0.3314,0.3068	-0.3357,0.3032	-0.3396,0.2993	-0.3433,0.2955	-0.3466,0.2918	-0.3495,0.2873	-0.3522,0.2823	-0.355,0.2774	-0.3577,0.2733	-0.3615,0.269	-0.3652,0.2648	-0.369,0.2606	-0.3715,0.2568	-0.3735,0.2516	-0.3756,0.2463	-0.3776,0.2411	-0.3796,0.2358	-0.3816,0.2305	-0.3836,0.2252	-0.3856,0.22	-0.3876,0.2147	-0.3897,0.2094	-0.3917,0.2041	-0.3937,0.1988	-0.3959,0.1939	-0.3983,0.1888	-0.4007,0.1837	-0.4031,0.1786	-0.4055,0.1734	-0.4078,0.1686	-0.4106,0.1636	-0.4133,0.1587	-0.4161,0.1543	-0.4196,0.1499	-0.423,0.1454	-0.4265,0.1409	-0.4295,0.1364	-0.4313,0.1317	-0.4325,0.127	-0.4338,0.1222	-0.435,0.1175	-0.4362,0.1128	-0.438,0.1083	-0.4396,0.1036	-0.4408,0.0981	-0.442,0.09259	-0.4432,0.08707	-0.4445,0.08156	-0.4457,0.07605	-0.4466,0.07095	-0.4476,0.06584	-0.4486,0.06034	-0.4493,0.0549	-0.45,0.04945	-0.4507,0.044	-0.4493,0.0382	-0.4496,0.03354	-0.4496,0.02903	-0.4496,0.02451	-0.4507,0.02018	-0.4514,0.01503	-0.4515,0.009422	-0.4515,0.003775	-0.4515,-0.001685	-0.4497,-0.006774	-0.447,-0.01194	-0.4469,-0.01532	-0.4469,-0.01825	-0.4469,-0.02117	-0.4467,-0.02372	-0.4464,-0.02598	-0.4466,-0.0284	-0.4462,-0.03103	-0.4459,-0.03366	-0.4456,-0.03629	-0.4452,-0.03893	-0.4449,-0.04156	-0.4446,-0.04419	-0.4442,-0.04682	-0.4439,-0.04945	-0.4436,-0.05209	-0.4432,-0.05472	-0.4429,-0.05735	-0.4426,-0.05998	-0.4422,-0.06262	-0.4419,-0.06525	-0.4416,-0.06788	-0.4412,-0.07051	-0.4413,-0.07323	-0.4415,-0.07643	-0.4408,-0.07932	-0.4401,-0.08199	-0.4394,-0.08466	-0.4388,-0.08732	-0.4381,-0.08999	-0.4374,-0.09266	-0.4367,-0.09532	-0.436,-0.09799	-0.4353,-0.1007	-0.4342,-0.1036	-0.4336,-0.106	-0.433,-0.1083	-0.4324,-0.1106	-0.4318,-0.1129	-0.4312,-0.1152	-0.4306,-0.1175	-0.43,-0.1198	-0.4294,-0.1221	-0.4288,-0.1244	-0.4267,-0.1273	-0.4261,-0.1288	-0.4254,-0.1299	-0.4252,-0.1308	-0.4253,-0.1308	-0.4263,-0.1306	-0.4267,-0.1292	-0.427,-0.1279	-0.4274,-0.1265	-0.4277,-0.1251	-0.4281,-0.1237	-0.4285,-0.1223	-0.4286,-0.1205	-0.4289,-0.1194	-0.4291,-0.1185	-0.4294,-0.1175	-0.4297,-0.1165	-0.4299,-0.1155	-0.4302,-0.1145	-0.4304,-0.1135	-0.4307,-0.1125	-0.4309,-0.1115	-0.4312,-0.1105	-0.4314,-0.1095	-0.4317,-0.1085	-0.4319,-0.1075	-0.4325,-0.1065	-0.4329,-0.1051	-0.4332,-0.1037	-0.4336,-0.1024	-0.4339,-0.101	-0.4343,-0.09957	-0.4347,-0.09818	-0.435,-0.09679	-0.4352,-0.09496	-0.4354,-0.09394	-0.4357,-0.09294	-0.4359,-0.09195	-0.4362,-0.09096	-0.4364,-0.08997	-0.4367,-0.08897	-0.437,-0.08798	-0.4372,-0.08699	-0.4373,-0.08635	-0.4374,-0.08605	-0.4374,-0.08575	-0.438,-0.08519	-0.4381,-0.08409	-0.4383,-0.08296	-0.4384,-0.08183	-0.4385,-0.08071	-0.4387,-0.07958	-0.4388,-0.07845	-0.439,-0.07733	-0.4391,-0.0762	-0.4392,-0.07508	-0.4394,-0.07395	-0.4395,-0.07282	-0.4397,-0.0717	-0.4398,-0.07057	-0.44,-0.06944	-0.4401,-0.06832	-0.4402,-0.06719	-0.4414,-0.06593	-0.4417,-0.06378	-0.442,-0.06146	-0.4423,-0.05914	-0.4426,-0.05682	-0.4429,-0.0545	-0.4432,-0.05218	-0.4435,-0.04985	-0.4434,-0.04714	-0.4437,-0.04519	-0.4439,-0.04326	-0.4442,-0.04132	-0.4444,-0.03939	-0.4447,-0.03746	-0.4443,-0.035	-0.4445,-0.03328	-0.4447,-0.03215	-0.4448,-0.03115	-0.4448,-0.03071	-0.4448,-0.0303	-0.4448,-0.02989	-0.4448,-0.02947	-0.4448,-0.02906	-0.4448,-0.02865	-0.4455,-0.02797	-0.4459,-0.02619	-0.4459,-0.02414	-0.4459,-0.02208	-0.4459,-0.02003	-0.4472,-0.01774	-0.4477,-0.01447	-0.4477,-0.01094	-0.4477,-0.00742	-0.4468,-0.003526	-0.445,0.0006408	-0.4443,0.003356	-0.4448,0.004174	-0.4464,0.002924	-0.4489,-0.0002174	-0.4507,-0.004778	-0.4509,-0.009812	-0.4515,-0.01493	-0.4514,-0.0201	-0.4508,-0.0249	-0.4505,-0.02964	-0.4509,-0.03495	-0.4502,-0.04016	-0.4469,-0.04529	-0.4465,-0.04962	-0.446,-0.0539	-0.4454,-0.05819	-0.4449,-0.06247	-0.4443,-0.06675	-0.4438,-0.07104	-0.4432,-0.07532	-0.4424,-0.0792	-0.4415,-0.08287	-0.44,-0.08658	-0.4381,-0.09021	-0.4374,-0.09289	-0.4367,-0.09556	-0.436,-0.09823	-0.4353,-0.1009	-0.4346,-0.1036	-0.4339,-0.1062	-0.4332,-0.1087	-0.4313,-0.1062	-0.4349,-0.1056	-0.4356,-0.1057	-0.4356,-0.1057	-0.4344,-0.1049	-0.4345,-0.1045	-0.4346,-0.1044	-0.4346,-0.1043	-0.4326,-0.1032	-0.431,-0.1002	-0.4315,-0.09829	-0.4318,-0.09732	-0.4319,-0.09674	-0.432,-0.09634	-0.4321,-0.096	-0.4322,-0.09569	-0.4323,-0.09539	-0.4323,-0.0951	-0.4324,-0.09481	-0.4325,-0.09452	-0.4289,-0.09406	-0.422,-0.09261	-0.4165,-0.09233	-0.4092,-0.09396	-0.4024,-0.0982	-0.3977,-0.1038	-0.3933,-0.1063	-0.3901,-0.1094	-0.3885,-0.1129	-0.3885,-0.1165	-0.3902,-0.1198	-0.3933,-0.1225	-0.3956,-0.1231	-0.3968,-0.1227	-0.398,-0.1223	-0.3974,-0.1205	-0.3986,-0.1211	-0.4004,-0.122	-0.402,-0.1228	-0.4035,-0.1235	-0.4042,-0.1234	-0.4056,-0.124	-0.4071,-0.1245	-0.4093,-0.1263	-0.4103,-0.1269	-0.4112,-0.1274	-0.4122,-0.128	-0.4127,-0.1283	-0.4103,-0.1267	-0.4066,-0.123	-0.4039,-0.1179	-0.4024,-0.1117	-0.4024,-0.1049	-0.4021,-0.1034	-0.402,-0.1049	-0.4024,-0.1032	-0.4028,-0.1007	-0.4035,-0.09984	-0.4054,-0.1015	-0.4094,-0.1035	-0.4136,-0.1048	-0.4175,-0.104	-0.4217,-0.102	-0.426,-0.09881	-0.43,-0.0946	-0.4334,-0.08961	-0.4359,-0.08557	-0.4386,-0.0814	-0.4413,-0.07722	-0.4448,-0.07309	-0.4487,-0.06932	-0.4493,-0.06393	-0.45,-0.05846	-0.4507,-0.05344	-0.4513,-0.04801	-0.452,-0.04251	-0.4532,-0.03748	-0.4533,-0.03298	-0.452,-0.03003	-0.4506,-0.02641	-0.4507,-0.02342	-0.4507,-0.02002	-0.4507,-0.0166	-0.4507,-0.01319	-0.4507,-0.009773	-0.4501,-0.006714	-0.4501,-0.003678	-0.4501,-0.0003761	-0.4501,0.002852	-0.4501,0.006087	-0.4501,0.009322	-0.4501,0.01256	-0.4501,0.01579	-0.45,0.01841	-0.4498,0.02056	-0.4496,0.02282	-0.4493,0.02507	-0.449,0.02733	-0.4502,0.0283	-0.4513,0.03035	-0.451,0.03217	-0.4508,0.03399	-0.4505,0.03641	-0.4502,0.03883	-0.45,0.04103	-0.4453,0.0423	-0.4374,0.04413	-0.4357,0.04521	-0.4357,0.04522	-0.4357,0.04522	-0.4357,0.04522	-0.4357,0.04522	-0.4356,0.04588	-0.4338,0.0464	-0.4361,0.04777	-0.4382,0.05006	-0.4381,0.05047	-0.438,0.05089	-0.4379,0.05132	-0.4378,0.05174	-0.4377,0.05217	-0.4359,0.05252	-0.4358,0.05295	-0.4357,0.05323	-0.4357,0.05352	-0.4356,0.0538	-0.4356,0.0538	-0.4354,0.05476	-0.4351,0.05574	-0.435,0.05631	-0.4348,0.05686	-0.4366,0.05842	-0.4405,0.05994	-0.4405,0.05994	-0.4405,0.05994	-0.4405,0.05994	-0.4405,0.05994	-0.4405,0.05994	-0.4408,0.06002	-0.4423,0.06103	-0.4446,0.06298	-0.4472,0.06725	-0.4469,0.07045	-0.4461,0.07245	-0.4457,0.07413	-0.4453,0.07583	-0.4449,0.0768	-0.4445,0.07774	-0.4442,0.07867	-0.4438,0.0796	-0.4441,0.08114	-0.4433,0.08427	-0.4427,0.08576	-0.4421,0.08719	-0.441,0.08882	-0.4405,0.09011	-0.4407,0.09214	-0.4402,0.094	-0.4395,0.09618	-0.4388,0.09794	-0.4381,0.09969	-0.4374,0.1014	-0.4376,0.1045	-0.4367,0.107	-0.4358,0.1096	-0.435,0.1117	-0.4342,0.1136	-0.4343,0.1172	-0.4334,0.1199	-0.4331,0.1218	-0.4323,0.1247	-0.4315,0.1276	-0.4306,0.1293	-0.4296,0.131	-0.4291,0.1334	-0.4283,0.135	-0.4274,0.1365	-0.4266,0.138	-0.4258,0.1396	-0.4239,0.1416	-0.4236,0.1426	-0.4227,0.1437	-0.4228,0.1432	-0.4231,0.1438	-0.4228,0.1443	-0.423,0.1423	-0.4232,0.1427	-0.4233,0.143	-0.4241,0.1436	-0.4224,0.1443	-0.4222,0.1444	-0.4239,0.1452	-0.4253,0.1494	-0.4262,0.1541	-0.4257,0.1581	-0.4264,0.1626
28	0.1213,-0.0468	0.1191,-0.04988	0.1158,-0.0545	0.1126,-0.05911	0.1093,-0.06373	0.1061,-0.06834	0.1028,-0.07296	0.1007,-0.07699	0.1002,-0.08146	0.1008,-0.08704	0.1014,-0.09265	0.102,-0.09826	0.1027,-0.1039	0.1035,-0.1086	0.1059,-0.1134	0.1085,-0.1184	0.111,-0.1235	0.1136,-0.1285	0.1162,-0.1335	0.1189,-0.1351	0.1227,-0.1351	0.1252,-0.1351	0.1297,-0.1351	0.131,-0.1345	0.133,-0.1344	0.1331,-0.1339	0.1347,-0.1341	0.1346,-0.134	0.1312,-0.1343	0.1316,-0.1352	0.1321,-0.1361	0.1325,-0.137	0.1329,-0.1379	0.1334,-0.1388	0.1338,-0.1397	0.1307,-0.1412	0.1273,-0.144	0.1266,-0.1476	0.1249,-0.1517	0.1219,-0.155	0.1178,-0.157	0.1134,-0.1575	0.109,-0.1563	0.105,-0.1535	0.1007,-0.1498	0.09681,-0.1467	0.09193,-0.1444	0.08678,-0.1421	0.08162,-0.1398	0.07646,-0.1375	0.07131,-0.1352	0.06644,-0.1334	0.06342,-0.1329	0.06303,-0.1334	0.0625,-0.134	0.06172,-0.1349	0.0608,-0.1359	0.0598,-0.1369	0.05852,-0.1381	0.05695,-0.1393	0.05513,-0.1407	0.0526,-0.1417	0.04952,-0.1433	0.04589,-0.1447	0.04168,-0.1458	0.03693,-0.1465	0.03188,-0.1464	0.02737,-0.1464	0.02277,-0.1482	0.01768,-0.1506	0.0126,-0.1531	0.007511,-0.1555	0.002425,-0.158	-0.002661,-0.1604	-0.007746,-0.1629	-0.01283,-0.1653	-0.01792,-0.1678	-0.02284,-0.1702	-0.02771,-0.173	-0.0326,-0.1758	-0.03749,-0.1786	-0.04277,-0.1809	-0.05006,-0.1818	-0.05706,-0.184	-0.06332,-0.1872	-0.06813,-0.1896	-0.07338,-0.1917	-0.07863,-0.1938	-0.08388,-0.1959	-0.08913,-0.1979	-0.09438,-0.2	-0.09963,-0.2021	-0.1039,-0.2042	-0.1071,-0.2074	-0.1089,-0.2115	-0.1091,-0.216	-0.1077,-0.2203	-0.1049,-0.2238	-0.101,-0.2261	-0.09656,-0.2269	-0.09214,-0.226	-0.08768,-0.2234	-0.08308,-0.2205	-0.07985,-0.2174	-0.07682,-0.2126	-0.07379,-0.2079	-0.07094,-0.204	-0.06669,-0.2007	-0.06216,-0.1974	-0.05764,-0.194	-0.05312,-0.1906	-0.04859,-0.1872	-0.04407,-0.1838	-0.03954,-0.1805	-0.03502,-0.1771	-0.031,-0.1745	-0.0266,-0.1735	-0.02099,-0.1736	-0.01535,-0.1736	-0.009699,-0.1737	-0.004239,-0.1737	0.001352,-0.1742	0.006979,-0.1747	0.01195,-0.1752	0.0167,-0.1772	0.0218,-0.1797	0.02689,-0.1821	0.03199,-0.1845	0.03697,-0.1867	0.04223,-0.1887	0.04749,-0.1908	0.05275,-0.1928	0.05801,-0.1949	0.06311,-0.1967	0.0685,-0.1984	0.07389,-0.2001	0.07929,-0.2017	0.08468,-0.2034	0.09008,-0.2051	0.09547,-0.2068	0.1009,-0.2084	0.1063,-0.2101	0.1104,-0.212	0.1135,-0.2152	0.1155,-0.2197	0.1174,-0.2251	0.1192,-0.2304	0.121,-0.2357	0.1228,-0.2411	0.1247,-0.2464	0.1265,-0.2518	0.1283,-0.2571	0.1301,-0.2625	0.1319,-0.2678	0.1338,-0.2732	0.1356,-0.2785	0.1374,-0.2839	0.1392,-0.289	0.1413,-0.2942	0.1435,-0.2994	0.1457,-0.3046	0.1475,-0.3093	0.1486,-0.3148	0.1496,-0.3201	0.1514,-0.3247	0.154,-0.3297	0.1566,-0.3348	0.1591,-0.3398	0.1617,-0.3448	0.1643,-0.3486	0.1684,-0.3523	0.1722,-0.356	0.1763,-0.3594	0.1808,-0.3629	0.1853,-0.3663	0.1897,-0.3698	0.1942,-0.3733	0.1986,-0.3768	0.2031,-0.3802	0.2075,-0.3837	0.2116,-0.387	0.2145,-0.3903	0.2145,-0.3903	0.2145,-0.3903	0.2145,-0.3903	0.2145,-0.3904	0.2148,-0.39	0.2149,-0.3899	0.2149,-0.3899	0.2149,-0.3899	0.2149,-0.3899	0.2149,-0.3899	0.2149,-0.3899	0.2149,-0.3899	0.2149,-0.3899	0.2149,-0.3899	0.2153,-0.3896	0.2162,-0.3891	0.217,-0.3886	0.2179,-0.388	0.2187,-0.3875	0.2195,-0.387	0.2203,-0.3865	0.2225,-0.3852	0.223,-0.3849	0.2233,-0.3847	0.2236,-0.3845	0.224,-0.3842	0.2243,-0.384	0.2243,-0.384	0.2255,-0.3833	0.2255,-0.3833	0.2254,-0.3833	0.2254,-0.3833	0.2254,-0.3833	0.2254,-0.3833	0.225,-0.383	0.2226,-0.3817	0.2183,-0.3787	0.2157,-0.3799	0.213,-0.379	0.2097,-0.3796	0.2048,-0.382	0.1997,-0.3844	0.1947,-0.3871	0.1899,-0.389	0.1848,-0.3916	0.1797,-0.3939	0.1747,-0.3963	0.1699,-0.3976	0.1655,-0.3984	0.1605,-0.4006	0.1555,-0.4028	0.151,-0.4055	0.1465,-0.4081	0.142,-0.4108	0.1376,-0.4138	0.1341,-0.4173	0.1317,-0.4191	0.1292,-0.4199	0.1267,-0.4207	0.1243,-0.4215	0.1224,-0.4213	0.1192,-0.4213	0.1154,-0.4227	0.1111,-0.4199	0.1059,-0.4168	0.1008,-0.415	0.09673,-0.4149	0.09256,-0.4148	0.08839,-0.4147	0.08422,-0.4145	0.08006,-0.4144	0.07589,-0.4143	0.07133,-0.4124	0.06778,-0.4119	0.064,-0.4116	0.06218,-0.4134	0.05899,-0.4121	0.05489,-0.41	0.05099,-0.4077	0.04709,-0.4055	0.04318,-0.4033	0.03928,-0.4011	0.03538,-0.3989	0.03257,-0.3976	0.02951,-0.3966	0.02584,-0.3947	0.02306,-0.3931	0.0197,-0.3916	0.01634,-0.39	0.01297,-0.3884	0.01144,-0.3892	0.009122,-0.3895	0.006449,-0.3883	0.002539,-0.3852	-0.0008704,-0.3832	-0.004069,-0.3816	-0.00727,-0.38	-0.01047,-0.3785	-0.01368,-0.3762	-0.01662,-0.3746	-0.01956,-0.373	-0.0225,-0.3714	-0.02545,-0.3698	-0.02839,-0.3682	-0.03133,-0.3666	-0.03428,-0.365	-0.03756,-0.3619	-0.04048,-0.3586	-0.04139,-0.3591	-0.04364,-0.3578	-0.04551,-0.3567	-0.04735,-0.3558	-0.04887,-0.3556	-0.05037,-0.3552	-0.05229,-0.3537	-0.05421,-0.3522	-0.05613,-0.3507	-0.05805,-0.3492	-0.05997,-0.3476	-0.06189,-0.3461	-0.06398,-0.3443	-0.06542,-0.3429	-0.06668,-0.3417	-0.06811,-0.3404	-0.06981,-0.3377	-0.06984,-0.3386	-0.07092,-0.3375	-0.07201,-0.3364	-0.0731,-0.3353	-0.07419,-0.3342	-0.07577,-0.3345	-0.07889,-0.3369	-0.08214,-0.3393	-0.08384,-0.3414	-0.08754,-0.3452	-0.09142,-0.3493	-0.09531,-0.3534	-0.09874,-0.3573	-0.102,-0.362	-0.1052,-0.3666	-0.108,-0.3708	-0.1092,-0.3751	-0.1091,-0.3805	-0.1088,-0.3861	-0.1086,-0.3918	-0.1081,-0.3965	-0.1063,-0.4018	-0.1045,-0.4072	-0.1027,-0.4125	-0.1011,-0.4177	-0.09962,-0.4232	-0.09819,-0.4286	-0.09676,-0.4341	-0.09559,-0.435	-0.09446,-0.4353	-0.09332,-0.4355	-0.09219,-0.4357	-0.09106,-0.4359	-0.08918,-0.4358	-0.08875,-0.4358	-0.08844,-0.4359	-0.08813,-0.436	-0.08782,-0.436	-0.08751,-0.4361	-0.0872,-0.4361	-0.08689,-0.4362	-0.08658,-0.4362	-0.08626,-0.4363	-0.08595,-0.4364	-0.0852,-0.4363	-0.08517,-0.4363	-0.08517,-0.4363	-0.08506,-0.437	-0.08363,-0.4383	-0.08134,-0.4388	-0.07903,-0.4392	-0.07671,-0.4397	-0.0744,-0.4401	-0.07208,-0.4405	-0.06977,-0.441	-0.06684,-0.4408	-0.06527,-0.4411	-0.06373,-0.4414	-0.0622,-0.4417	-0.06066,-0.442	-0.05939,-0.4421	-0.05853,-0.4422	-0.05768,-0.4422	-0.05634,-0.4419	-0.05568,-0.442	-0.05524,-0.4418	-0.05524,-0.4418	-0.05524,-0.4418	-0.05524,-0.4418	-0.05524,-0.4418	-0.05524,-0.4418	-0.05524,-0.4418	-0.05524,-0.4418	-0.05524,-0.4418	-0.05524,-0.4418	-0.05524,-0.4418	-0.05524,-0.4418	-0.05524,-0.4418	-0.05524,-0.4418	-0.05524,-0.4418	-0.05509,-0.4418	-0.05495,-0.4418	-0.05403,-0.4418	-0.05249,-0.442	-0.05097,-0.4423	-0.05022,-0.4423	-0.04958,-0.4424	-0.04754,-0.4407	-0.04423,-0.4354	-0.04164,-0.4306	-0.03818,-0.4302	-0.03588,-0.4313	-0.03583,-0.4344	-0.03575,-0.4356	-0.03576,-0.4356	-0.03529,-0.4356	-0.03457,-0.4363	-0.03397,-0.4363	-0.03344,-0.4364	-0.03316,-0.4391	-0.03263,-0.4411	-0.03275,-0.4427	-0.03255,-0.4434	-0.03129,-0.4435	-0.03067,-0.4435	-0.02929,-0.4389	-0.02745,-0.4385	-0.02767,-0.439	-0.02767,-0.439	-0.02797,-0.4395	-0.02797,-0.4395	-0.02801,-0.4412	-0.02875,-0.446	-0.029,-0.4467	-0.02807,-0.447	-0.02696,-0.4471	-0.02584,-0.4471	-0.02584,-0.4471	-0.02573,-0.4472	-0.02514,-0.4472	-0.02489,-0.4472	-0.02524,-0.4471	-0.0248,-0.447	-0.0248,-0.447	-0.0248,-0.447	-0.0248,-0.447	-0.02471,-0.4472	-0.02444,-0.4459	-0.02378,-0.4459	-0.02372,-0.4459	-0.02353,-0.4459	-0.02348,-0.4458	-0.02348,-0.4458	-0.02348,-0.4458	-0.02343,-0.4458	-0.02306,-0.4459	-0.02341,-0.4451	-0.02345,-0.4439	-0.0229,-0.4439	-0.02157,-0.4451	-0.01908,-0.4474	-0.01539,-0.45	-0.01108,-0.4519	-0.006004,-0.4555	-0.001588,-0.4538	0.003645,-0.452	0.006318,-0.4492	0.009176,-0.45	0.01149,-0.45	0.01741,-0.4505	0.02857,-0.4493	0.03518,-0.4468	0.041,-0.4427	0.04384,-0.4387	0.0474,-0.432	0.04961,-0.4247	0.05047,-0.418	0.05097,-0.4128	0.05209,-0.4077	0.05416,-0.4037	0.05753,-0.4007	0.06173,-0.3991	0.06624,-0.3991	0.07062,-0.4007	0.07552,-0.4035	0.08043,-0.4063	0.08323,-0.4065	0.08552,-0.4061	0.08794,-0.4061	0.08872,-0.4059	0.0875,-0.4062	0.08578,-0.4069	0.08424,-0.4071	0.08445,-0.4074
29	-0.3208,-0.1542	-0.3184,-0.1562	-0.3137,-0.1584	-0.3087,-0.1605	-0.3046,-0.1633	-0.3006,-0.1669	-0.2965,-0.1708	-0.2923,-0.1746	-0.2882,-0.1785	-0.2841,-0.1824	-0.28,-0.1862	-0.2759,-0.1901	-0.2719,-0.1934	-0.2672,-0.1966	-0.2626,-0.1999	-0.2587,-0.2032	-0.2546,-0.2071	-0.2504,-0.211	-0.2463,-0.2148	-0.2422,-0.2187	-0.2381,-0.2226	-0.234,-0.2264	-0.2299,-0.2303	-0.2258,-0.2342	-0.2216,-0.2381	-0.2177,-0.2418	-0.2133,-0.2453	-0.2089,-0.2489	-0.2046,-0.2525	-0.2002,-0.256	-0.1958,-0.2596	-0.1914,-0.2631	-0.187,-0.2667	-0.1826,-0.2703	-0.1783,-0.2738	-0.174,-0.2773	-0.1699,-0.2811	-0.1658,-0.285	-0.1617,-0.2888	-0.1576,-0.2927	-0.1535,-0.2966	-0.1498,-0.3003	-0.1463,-0.3047	-0.1428,-0.3091	-0.1393,-0.3135	-0.1358,-0.3179	-0.1322,-0.3224	-0.1287,-0.3268	-0.1252,-0.3312	-0.1222,-0.3352	-0.1208,-0.3395	-0.1203,-0.3451	-0.1198,-0.3507	-0.1192,-0.3563	-0.119,-0.3617	-0.1189,-0.3674	-0.1188,-0.373	-0.1187,-0.3787	-0.1186,-0.3843	-0.1185,-0.39	-0.1184,-0.3956	-0.1183,-0.4013	-0.1182,-0.4069	-0.1181,-0.4126	-0.1179,-0.4178	-0.117,-0.4233	-0.1161,-0.4289	-0.1149,-0.431	-0.1136,-0.431	-0.1133,-0.4311	-0.1131,-0.4311	-0.1129,-0.4312	-0.1127,-0.4312	-0.1125,-0.4312	-0.1123,-0.4313	-0.1121,-0.4313	-0.1118,-0.4314	-0.1116,-0.4314	-0.1112,-0.4326	-0.1091,-0.4352	-0.1056,-0.4381	-0.1014,-0.4396	-0.09689,-0.4395	-0.09256,-0.4377	-0.08775,-0.4347	-0.08293,-0.4318	-0.07812,-0.4288	-0.0733,-0.4259	-0.06849,-0.4229	-0.0639,-0.42	-0.05931,-0.4167	-0.05473,-0.4134	-0.05014,-0.4101	-0.04555,-0.4068	-0.04096,-0.4036	-0.03637,-0.4003	-0.03179,-0.397	-0.0272,-0.3937	-0.02261,-0.3904	-0.01802,-0.3871	-0.01343,-0.3838	-0.008846,-0.3805	-0.004258,-0.3772	0.0003296,-0.3739	0.004614,-0.3709	0.009585,-0.3683	0.0146,-0.3657	0.01962,-0.3631	0.02463,-0.3605	0.02965,-0.3579	0.03466,-0.3553	0.03968,-0.3527	0.04469,-0.3501	0.04954,-0.3476	0.05433,-0.3447	0.05915,-0.3418	0.06396,-0.3388	0.06878,-0.3359	0.07359,-0.3329	0.0784,-0.33	0.08322,-0.327	0.08803,-0.3241	0.09269,-0.3212	0.0976,-0.319	0.1028,-0.3168	0.108,-0.3145	0.1132,-0.3123	0.1184,-0.3101	0.1235,-0.3079	0.1287,-0.3056	0.1339,-0.3034	0.1391,-0.3012	0.1443,-0.299	0.1495,-0.2967	0.1547,-0.2945	0.1599,-0.2923	0.1651,-0.2901	0.1701,-0.2879	0.1753,-0.2864	0.1805,-0.2853	0.1861,-0.2842	0.1916,-0.2832	0.1972,-0.2821	0.2023,-0.2811	0.2064,-0.2791	0.2094,-0.2757	0.2111,-0.2716	0.2112,-0.2671	0.2097,-0.2628	0.2065,-0.2588	0.2028,-0.2545	0.199,-0.2503	0.1953,-0.246	0.1916,-0.2418	0.1879,-0.2375	0.1842,-0.2333	0.1805,-0.229	0.1767,-0.2248	0.173,-0.2205	0.1693,-0.2166	0.1653,-0.2126	0.1613,-0.2087	0.1572,-0.2047	0.1532,-0.2007	0.1492,-0.1967	0.1452,-0.1928	0.1418,-0.1889	0.1384,-0.1844	0.135,-0.1799	0.1316,-0.1754	0.1282,-0.1708	0.1248,-0.1663	0.1214,-0.1618	0.118,-0.1573	0.1146,-0.1528	0.1115,-0.1486	0.1087,-0.1437	0.106,-0.1387	0.1033,-0.1338	0.1006,-0.1288	0.0979,-0.1239	0.09518,-0.1189	0.09247,-0.114	0.08976,-0.109	0.08705,-0.1041	0.08433,-0.09912	0.08162,-0.09416	0.07891,-0.08921	0.07619,-0.08426	0.07328,-0.08025	0.06956,-0.076	0.06597,-0.07189	0.06194,-0.06832	0.05765,-0.06465	0.05336,-0.06098	0.04905,-0.05769	0.0445,-0.05434	0.03995,-0.05099	0.03541,-0.04764	0.03086,-0.04429	0.02631,-0.04095	0.02177,-0.0376	0.01722,-0.03425	0.01267,-0.0309	0.008125,-0.02755	0.004198,-0.02444	0.0004912,-0.02024	-0.003226,-0.01598	-0.006943,-0.01173	-0.01066,-0.007482	-0.01353,-0.003665	-0.01588,0.001427	-0.01822,0.006564	-0.02057,0.0117	-0.02288,0.0166	-0.02559,0.02156	-0.0283,0.02651	-0.03102,0.03146	-0.03373,0.03642	-0.03644,0.04137	-0.03916,0.04632	-0.04187,0.05127	-0.04458,0.05623	-0.04729,0.06118	-0.05001,0.06613	-0.05272,0.07109	-0.05543,0.07604	-0.05814,0.08099	-0.06086,0.08594	-0.06357,0.0909	-0.06628,0.09585	-0.069,0.1008	-0.07171,0.1058	-0.0744,0.1094	-0.07817,0.1119	-0.08257,0.1128	-0.08818,0.1128	-0.09383,0.1127	-0.09947,0.1126	-0.1051,0.1125	-0.1108,0.1124	-0.1164,0.1123	-0.1221,0.1122	-0.1277,0.1121	-0.1334,0.112	-0.139,0.1119	-0.1446,0.1118	-0.1503,0.1117	-0.1559,0.1116	-0.1616,0.1115	-0.1672,0.1114	-0.1726,0.1111	-0.1783,0.1106	-0.1839,0.1101	-0.1895,0.1095	-0.1951,0.109	-0.2008,0.1085	-0.2064,0.108	-0.2118,0.1075	-0.2174,0.1067	-0.222,0.1055	-0.2271,0.1031	-0.2321,0.1006	-0.2372,0.09816	-0.2423,0.0957	-0.2474,0.09323	-0.2525,0.09076	-0.2575,0.0883	-0.2626,0.08583	-0.2677,0.08336	-0.2728,0.08089	-0.2779,0.07843	-0.2829,0.07596	-0.2873,0.07324	-0.292,0.07006	-0.2967,0.06689	-0.301,0.06359	-0.3054,0.06009	-0.3098,0.05658	-0.3143,0.05308	-0.3187,0.04957	-0.3231,0.04607	-0.3276,0.04256	-0.3318,0.03963	-0.3367,0.0368	-0.3416,0.03397	-0.3465,0.03114	-0.3514,0.02831	-0.3563,0.02548	-0.3612,0.02266	-0.3658,0.02037	-0.3711,0.01828	-0.3763,0.01618	-0.3816,0.01409	-0.3868,0.012	-0.392,0.009904	-0.3964,0.008792	-0.4018,0.00899	-0.4075,0.009301	-0.4131,0.009612	-0.4187,0.009923	-0.4244,0.01023	-0.43,0.01055	-0.4357,0.01086	-0.4413,0.01117	-0.4443,0.01134	-0.4443,0.01134	-0.4443,0.01149	-0.4444,0.01158	-0.4444,0.01158	-0.4443,0.01139	-0.4443,0.01139	-0.4443,0.01139	-0.4443,0.01139	-0.4443,0.01139	-0.4443,0.01139	-0.4443,0.01139	-0.4443,0.01139	-0.4444,0.01116	-0.4454,0.01125	-0.4474,0.01334	-0.4474,0.01649	-0.4474,0.01982	-0.4482,0.02309	-0.4478,0.02688	-0.4474,0.03028	-0.4469,0.03367	-0.4465,0.03705	-0.4461,0.04044	-0.4456,0.04383	-0.4452,0.04721	-0.4448,0.0506	-0.4444,0.05398	-0.4439,0.05737	-0.4421,0.06118	-0.4403,0.06472	-0.4402,0.0657	-0.4398,0.06654	-0.4394,0.06778	-0.4394,0.06778	-0.4395,0.06778	-0.4398,0.06815	-0.44,0.06903	-0.4398,0.07013	-0.4397,0.07123	-0.4396,0.07233	-0.4394,0.07343	-0.4399,0.07491	-0.4397,0.07679	-0.4394,0.0787	-0.4391,0.08018	-0.4388,0.08136	-0.4385,0.08255	-0.4382,0.08373	-0.4379,0.08491	-0.4376,0.08609	-0.4373,0.08727	-0.4364,0.08879	-0.4361,0.08977	-0.436,0.09015	-0.4359,0.09052	-0.4358,0.09089	-0.4357,0.09127	-0.4356,0.09164	-0.4355,0.09201	-0.4355,0.09238	-0.4356,0.09293	-0.4354,0.09369	-0.4352,0.09447	-0.435,0.09525	-0.4348,0.09603	-0.4346,0.0968	-0.4339,0.09795	-0.4337,0.09854	-0.4337,0.09854	-0.4337,0.09854	-0.4337,0.09854	-0.4335,0.09886	-0.4332,0.09953	-0.4332,0.0996	-0.4332,0.0996	-0.4332,0.0996	-0.4332,0.0996	-0.4322,0.1004	-0.431,0.1018	-0.4309,0.1036	-0.4306,0.1054	-0.4297,0.1085	-0.4293,0.1109	-0.4291,0.1131	-0.4294,0.1143	-0.4294,0.1143	-0.4293,0.1147	-0.4293,0.1148	-0.4293,0.1148	-0.4293,0.1148	-0.4293,0.1148	-0.4293,0.1148	-0.4292,0.115	-0.4256,0.1157	-0.4232,0.1165	-0.4231,0.1169	-0.423,0.1173	-0.4229,0.1177	-0.4228,0.1181	-0.4227,0.1186	-0.4232,0.1192	-0.4231,0.1196	-0.423,0.1199	-0.4229,0.1202	-0.4229,0.1205	-0.4255,0.122	-0.4275,0.1226	-0.4274,0.1227	-0.4273,0.1233	-0.4271,0.1238	-0.427,0.1243	-0.427,0.1246	-0.4269,0.1249	-0.4268,0.1252	-0.426,0.1262	-0.4263,0.1268	-0.426,0.1278	-0.4256,0.1292	-0.4249,0.1293	-0.4189,0.131	-0.4139,0.1329	-0.4134,0.136	-0.4166,0.1388	-0.4208,0.1415	-0.4213,0.1432	-0.4209,0.1441	-0.4205,0.1451	-0.4202,0.146	-0.4198,0.1469	-0.4186,0.1481	-0.4187,0.1498	-0.4181,0.1513	-0.4175,0.1527	-0.417,0.154	-0.4165,0.1553	-0.416,0.1564	-0.4155,0.1577	-0.4151,0.1591	-0.4144,0.1609	-0.4137,0.1626	-0.413,0.1644	-0.4133,0.1659	-0.4125,0.168	-0.4119,0.1694	-0.4111,0.1715	-0.4103,0.1734	-0.4113,0.1762	-0.4102,0.1791	-0.409,0.1821	-0.4078,0.1851	-0.4065,0.1874	-0.4056,0.1892	-0.4046,0.1909	-0.4038,0.1924	-0.403,0.1939	-0.4021,0.1954	-0.4013,0.197	-0.4004,0.1985	-0.4009,0.2018	-0.399,0.2052	-0.3971,0.2087	-0.3952,0.2122	-0.3933,0.2157	-0.3913,0.2192	-0.3894,0.2227	-0.3875,0.2262	-0.3856,0.2297	-0.3836,0.2332	-0.3816,0.2363	-0.3796,0.2391	-0.3761,0.2415	-0.3745,0.2438	-0.3731,0.2457	-0.3717,0.2476	-0.3703,0.2495
30	0.1933,0.2612	0.1971,0.2612	0.2027,0.2611	0.2084,0.261	0.214,0.261	0.2197,0.2609	0.2253,0.2608	0.2309,0.2607	0.2366,0.2606	0.242,0.2608	0.2476,0.2611	0.2533,0.2615	0.2587,0.2621	0.2631,0.2632	0.268,0.2659	0.273,0.2685	0.278,0.2712	0.2829,0.2739	0.2879,0.2765	0.2929,0.2792	0.2975,0.281	0.303,0.2825	0.3084,0.284	0.3138,0.2855	0.3193,0.2871	0.3247,0.2886	0.3302,0.2901	0.3356,0.2917	0.3381,0.2915	0.3395,0.29	0.341,0.2884	0.3419,0.2872	0.3428,0.286	0.3437,0.2848	0.3445,0.2836	0.3454,0.2824	0.3465,0.2814	0.3498,0.2807	0.3539,0.2788	0.357,0.2755	0.3589,0.2712	0.3603,0.2658	0.3617,0.2603	0.3625,0.2551	0.3631,0.2495	0.3636,0.2439	0.3642,0.2383	0.3648,0.2327	0.3654,0.2271	0.366,0.2215	0.3666,0.2158	0.3672,0.2102	0.3678,0.2046	0.3684,0.199	0.369,0.1934	0.3696,0.1878	0.3705,0.1827	0.3719,0.1772	0.3733,0.1717	0.3747,0.1662	0.3761,0.1608	0.3775,0.1553	0.3789,0.1498	0.3803,0.1444	0.3816,0.1391	0.3834,0.1337	0.3852,0.1284	0.387,0.123	0.3888,0.1177	0.3906,0.1123	0.3924,0.107	0.3944,0.1019	0.3965,0.09672	0.3987,0.09151	0.4009,0.08629	0.4031,0.08108	0.4052,0.07587	0.4074,0.07066	0.4096,0.06545	0.4118,0.06024	0.4137,0.05538	0.4148,0.05011	0.4158,0.04455	0.4167,0.03917	0.4181,0.03374	0.4195,0.02827	0.4209,0.02279	0.4211,0.0214	0.4211,0.021	0.4211,0.02076	0.4211,0.02057	0.4211,0.02041	0.4211,0.02025	0.4201,0.01937	0.4195,0.01781	0.4195,0.01771	0.4195,0.01727	0.4195,0.01565	0.4195,0.01393	0.4195,0.01221	0.4195,0.01048	0.4216,0.009325	0.4188,0.005279	0.4156,0.0001318	0.4156,-0.0005955	0.4156,-0.001027	0.4156,-0.001027	0.4156,-0.001027	0.4156,-0.001027	0.4137,-0.004083	0.4136,-0.006167	0.4133,-0.008347	0.413,-0.008229	0.4124,-0.008152	0.4124,-0.008152	0.412,-0.008076	0.4119,-0.01033	0.4131,-0.01068	0.4145,-0.01106	0.4144,-0.01327	0.4123,-0.01472	0.4123,-0.01467	0.4123,-0.01467	0.4148,-0.01681	0.4127,-0.02311	0.4124,-0.03131	0.4138,-0.03351	0.4138,-0.03133	0.4143,-0.03094	0.4146,-0.03085	0.4146,-0.02973	0.4144,-0.0285	0.4115,-0.02685	0.4089,-0.02459	0.4089,-0.02439	0.4084,-0.02203	0.4002,-0.02233	0.401,-0.01876	0.4025,-0.01384	0.4025,-0.01403	0.4028,-0.01299	0.4037,-0.01151	0.4037,-0.01114	0.4036,-0.01012	0.4043,-0.009175	0.4083,-0.009051	0.4093,-0.00885	0.4108,-0.008546	0.4108,-0.008546	0.4108,-0.008546	0.4107,-0.008559	0.4107,-0.0121	0.4115,-0.01076	0.4132,-0.009088	0.4132,-0.00899	0.4138,-0.009074	0.4136,-0.005881	0.4136,-0.004869	0.4139,-0.003245	0.4139,-0.001936	0.4156,0.001936	0.4163,0.004339	0.416,0.006347	0.4157,0.008786	0.4155,0.01078	0.4161,0.013	0.4158,0.01543	0.4166,0.01809	0.4153,0.02319	0.4145,0.02654	0.4142,0.02917	0.4138,0.03187	0.4135,0.03456	0.4131,0.03727	0.4116,0.03967	0.4125,0.04284	0.4119,0.04615	0.4112,0.05049	0.4087,0.05386	0.4083,0.05541	0.408,0.05685	0.4076,0.05827	0.4098,0.05727	0.4119,0.05909	0.4117,0.05979	0.4115,0.06156	0.4112,0.06401	0.4108,0.06638	0.4104,0.06817	0.41,0.0698	0.4097,0.07088	0.4071,0.07335	0.4034,0.07757	0.406,0.0825	0.4083,0.08497	0.4106,0.08337	0.4119,0.08325	0.4121,0.08725	0.4114,0.09097	0.4108,0.09477	0.41,0.09906	0.4084,0.1034	0.4063,0.1082	0.4046,0.1136	0.4047,0.1179	0.4033,0.1232	0.4019,0.1286	0.4,0.1336	0.3987,0.1383	0.3978,0.1439	0.3975,0.1487	0.3986,0.153	0.4013,0.1567	0.4056,0.1599	0.4101,0.1633	0.4128,0.1653	0.4128,0.1654	0.4128,0.1655	0.4127,0.1656	0.4127,0.1656	0.4127,0.1657	0.4126,0.1658	0.4121,0.1665	0.4121,0.1665	0.412,0.1673	0.412,0.1672	0.4124,0.1662	0.4127,0.1654	0.4131,0.1646	0.4134,0.1639	0.4135,0.1636	0.4139,0.1624	0.4144,0.1613	0.4147,0.1605	0.4151,0.1594	0.4156,0.1582	0.4161,0.157	0.4165,0.1558	0.4166,0.1551	0.4173,0.1535	0.4178,0.1522	0.4184,0.1507	0.4191,0.1498	0.4192,0.1496	0.4194,0.1491	0.4197,0.1482	0.42,0.1474	0.4203,0.1467	0.4205,0.1462	0.4206,0.1455	0.4228,0.1392	0.423,0.1386	0.4231,0.1385	0.4231,0.1384	0.4232,0.1381	0.4233,0.138	0.4235,0.1372	0.4235,0.1372	0.4236,0.138	0.4242,0.1376	0.4244,0.1366	0.4245,0.1362	0.4248,0.1353	0.425,0.1344	0.4253,0.1331	0.4253,0.1331	0.4253,0.1331	0.4251,0.1331	0.4251,0.1308	0.4258,0.1308	0.4274,0.1315	0.4284,0.133	0.4283,0.1334	0.4282,0.1338	0.4281,0.1341	0.4273,0.1346	0.4276,0.134	0.428,0.1328	0.428,0.1328	0.4276,0.134	0.4283,0.1348	0.4282,0.1351	0.4279,0.136	0.4277,0.1365	0.427,0.1368	0.4269,0.1369	0.425,0.1373	0.4237,0.1382	0.4239,0.1378	0.424,0.1374	0.4238,0.1379	0.4236,0.1384	0.4234,0.1389	0.4233,0.1399	0.4228,0.1413	0.4229,0.1409	0.423,0.1424	0.4225,0.1436	0.423,0.1423	0.4228,0.1428	0.4226,0.1434	0.4223,0.1441	0.4216,0.146	0.4211,0.1472	0.4207,0.1483	0.4202,0.1495	0.4197,0.1506	0.419,0.1517	0.4182,0.1537	0.4173,0.1558	0.4165,0.158	0.4156,0.1601	0.4139,0.1621	0.4135,0.163	0.4143,0.1639	0.4146,0.1634	0.4146,0.1633	0.4146,0.1633	0.4146,0.1633	0.4146,0.1633	0.4146,0.1633	0.4146,0.1633	0.4143,0.1633	0.4143,0.1633	0.4143,0.1633	0.4143,0.1633	0.414,0.1633	0.4135,0.1638	0.4134,0.1641	0.4122,0.167	0.4117,0.1683	0.4105,0.1714	0.4091,0.1749	0.408,0.1776	0.4075,0.1785	0.407,0.1792	0.4071,0.1791	0.4067,0.1801	0.4056,0.1831	0.4053,0.1837	0.4053,0.1836	0.4054,0.1834	0.4052,0.1844	0.4055,0.1854	0.4053,0.1861	0.4052,0.1863	0.4052,0.1863	0.4052,0.1863	0.4052,0.1863	0.4052,0.1863	0.4052,0.1863	0.4042,0.1875	0.4029,0.1893	0.4028,0.1896	0.4028,0.1896	0.4028,0.1896	0.4028,0.1896	0.4028,0.1896	0.4028,0.1896	0.4031,0.1891	0.4029,0.1893	0.4029,0.1893	0.4029,0.1893	0.4029,0.1893	0.4029,0.1893	0.4029,0.1893	0.403,0.1892	0.4031,0.189	0.4035,0.189	0.4041,0.1903	0.4039,0.1906	0.4034,0.1908	0.4027,0.1915	0.4027,0.1915	0.4027,0.1915	0.4027,0.1915	0.4027,0.1915	0.4026,0.1916	0.4025,0.1917	0.4041,0.191	0.4049,0.1915	0.4045,0.1923	0.406,0.1937	0.4047,0.1974	0.4034,0.2	0.4021,0.2022	0.4009,0.2044	0.4003,0.2068	0.399,0.2087	0.3966,0.2088	0.3957,0.2117	0.3946,0.2133	0.394,0.214	0.393,0.2154	0.3939,0.2189	0.3927,0.2205	0.3913,0.2224	0.39,0.2243	0.3886,0.2262	0.3873,0.228	0.3859,0.2299	0.3845,0.2318	0.384,0.2326	0.3834,0.2334	0.3825,0.2346	0.3816,0.2358	0.3807,0.237	0.3815,0.2397	0.3811,0.2431	0.3793,0.2454	0.3781,0.2472	0.377,0.2487	0.3758,0.2503	0.3747,0.2519	0.3735,0.2534	0.3724,0.255	0.3713,0.2566	0.3694,0.2591	0.3667,0.2628	0.3636,0.2665	0.3618,0.2692	0.3613,0.2725	0.3618,0.2773	0.3611,0.2812	0.3586,0.2839	0.3561,0.2865	0.3536,0.2892	0.351,0.2919	0.3485,0.2946	0.346,0.2973	0.3421,0.2999	0.3389,0.3024	0.335,0.3042	0.3305,0.3045	0.3262,0.3031	0.3227,0.3003	0.3204,0.2965	0.3193,0.2914	0.3184,0.2859	0.3175,0.2803	0.3167,0.2749	0.3162,0.2693	0.3157,0.2637	0.3152,0.258	0.3147,0.2526	0.3138,0.2471	0.3129,0.2415	0.312,0.2359	0.3109,0.2313	0.3084,0.2275	0.3048,0.2249	0.2996,0.2227	0.2946,0.2207	0.2894,0.2189	0.2842,0.2168	0.279,0.2146	0.2738,0.2124	0.2686,0.2103	0.2637,0.2086	0.2582,0.2072	0.2527,0.2058	0.2472,0.2044	0.2418,0.2031	0.2363,0.2017	0.231,0.2003	0.2257,0.1986	0.2203,0.1968	0.2149,0.195	0.21,0.1933	0.205,0.1908	0.1999,0.1883	0.1958,0.1855	0.1914,0.1819	0.1872,0.1785	0.1835,0.1746	0.1797,0.1704	0.1759,0.1663	0.172,0.1621	0.1682,0.1579	0.1644,0.1538	0.1606,0.1496
